time_s,sensor_1,sensor_2
0.0,0.07815289226966451,0.06456352774062561
0.000125,0.3835465486025333,-0.02827275138010255
0.00025,0.09480427395769668,-0.12957136192087673
0.000375,-0.06625866826231992,-0.02946101407089843
0.0005,-0.013525979693373541,0.12274566868333994
0.000625,-0.04667420284839883,-7.115329687972148e-05
0.00075,-0.2031120140323004,0.0918816961256955
0.000875,0.12117142984096124,-0.044882917688311444
0.001,0.19863568075847476,-0.10068441857013585
0.001125,-0.10976268614623448,-0.09896734150282631
0.00125,-0.2800886343678241,-0.0550279259214948
0.001375,0.06612340283192009,0.04105714526301174
0.0015,0.32453958001228744,-0.06768257610235597
0.001625,0.3392253108652511,-0.162766869495697
0.00175,0.06686359484469061,-0.17931847887681743
0.001875,0.1819009855965562,-0.05844264143669064
0.002,0.191636899164333,0.019486568992079373
0.002125,0.08101588361299208,0.40659811547489305
0.00225,0.243358572893212,0.21753071437870136
0.002375,0.41469254807452083,-0.07034168087085134
0.0025,-0.11305899451703792,-0.12474988427213758
0.002625,-0.47209289226515005,-0.15660317398599807
0.00275,0.11137506720211407,-0.0690232875167631
0.002875,0.47470188855697404,0.23062044445632254
0.003,0.3329745509775081,0.307931102405718
0.003125,0.06141724751070268,-0.005525900723128488
0.00325,0.046719813825739843,-0.07538464886855942
0.003375,0.025082069125573772,0.03557006512957318
0.0035,-0.04854604429517036,0.3533813937502294
0.003625,0.27080420373545294,0.39113278212896496
0.00375,0.42666265811889076,0.10302287919923205
0.003875,-0.24392648523678684,0.01958096746292475
0.004,-0.36331796422762114,0.2259782109281373
0.004125,0.025293019596024154,0.10117741527412133
0.00425,0.49011807530437707,0.27488552462749116
0.004375,0.35976238882761097,0.31107053297019177
0.0045,-0.449504314269048,-0.023314008772890145
0.004625,-0.4838661395274314,-0.1858706161625061
0.00475,-0.4396480226414671,0.127545456680194
0.004875,-0.004148377639634169,0.37107620939586705
0.005,0.10802877995243444,0.23610251973144103
0.005125,0.1797767866584318,-0.08664067429729133
0.00525,-0.15758164751337883,-0.07433077487326857
0.005375,-0.4987821134445159,-0.07194951176157238
0.0055,-0.1626020883782401,0.07298942156168423
0.005625,0.5490098438886601,0.25911308448454284
0.00575,0.47363913948537095,0.29624103997524776
0.005875,-0.25175042426939265,-0.1948185986384019
0.006,-0.2983900788160793,-0.47973014366444283
0.006125,-0.0974840766257936,0.07172633427992847
0.00625,-0.18763866522648245,0.47701310180949097
0.006375,-0.0392589026117401,0.29073300580587474
0.0065,0.11703911105813326,-0.19262356615986964
0.006625,-0.17509263168318362,-0.44510139998044695
0.00675,-0.35826520943156825,-0.49366488723579005
0.006875,-0.3415304602256181,-0.19212430221562032
0.007,-0.02120417584078947,0.06916005186080228
0.007125,-0.03315243625523366,0.2673603959536344
0.00725,-0.3313237594231327,-0.12310937790400306
0.007375,-0.36110082568772195,-0.4404329440731474
0.0075,-0.10312289734015101,-0.15676326332834822
0.007625,0.12226465546203785,0.5657626505164568
0.00775,0.22604399790915844,0.3330650748032266
0.007875,0.11594568877432782,-0.12740602397884015
0.008,-0.07879330813028924,-0.29652208363087856
0.008125,-0.36917383059546044,-0.1281142053631539
0.00825,-0.4174702166985275,-0.0931699914781479
0.008375,0.3448890832354691,0.12068635240958171
0.0085,0.20632791219903446,0.14222678336265682
0.008625,-0.021688367362112923,-0.054788878870762864
0.00875,-0.0912239890470138,-0.4621490705205253
0.008875,0.014978568128478156,-0.32044979450243377
0.009,0.3670871895218963,0.11651749196213851
0.009125,0.4189554074481015,0.1034665271497761
0.00925,0.03130991350777215,-0.45368357810062937
0.009375,-0.14266230406012992,-0.27270053545151385
0.0095,-0.2722506975601432,-0.009730737944504218
0.009625,-0.07027242659765995,0.06499387847280193
0.00975,0.44996797426676716,0.19996806851876842
0.009875,0.4975082560882035,0.05961777913603051
0.01,-0.03188915115731175,-0.16676134044770272
0.010125,-0.5097524231437954,-0.4034103700497037
0.01025,-0.33280052432960655,-0.10270401197405808
0.010375,0.37144603754638095,0.4668764723587995
0.0105,0.21508040165976317,0.4056674188089452
0.010625,0.14120306940342117,-0.0778070537665208
0.01075,0.1565899082390348,-0.15278444008914027
0.010875,-0.23484215204734743,0.12612792290492453
0.011,-0.029653572536036583,0.26198804540961973
0.011125,0.2478470008986124,0.3914655066989836
0.01125,0.5087113222293951,0.16213912020176213
0.011375,-0.10035796101199654,0.04933710888349489
0.0115,-0.14316738226707595,-0.2545666160388231
0.011625,0.04635049136766065,-0.11546071888026067
0.01175,0.4258488854700005,0.4222431968977281
0.011875,0.09649113344742737,0.45663826636092775
0.012,-0.040999973847170024,-0.13531684121449808
0.012125,-0.03941243067669873,-0.34680523126874824
0.01225,-0.19018785761818338,-0.19781482193291725
0.012375,-0.2275014741553824,0.16090332830803303
0.0125,0.2942577328826454,0.20923054145232062
0.012625,0.5150621356355911,0.2785007747644589
0.01275,0.2782594603420087,0.0038881502962172638
0.012875,-0.4513228245985683,-0.36999592375496576
0.013,-0.13399881879810166,-0.01804536153687098
0.013125,0.3047002517322662,0.44766470138553033
0.01325,0.0005322467447279803,0.2952771375225675
0.013375,0.10972310164592468,-0.14718550107764844
0.0135,-0.09223602813938865,-0.3706734708263028
0.013625,-0.22329977519185626,0.14028566969104508
0.01375,-0.5339959110000013,0.37583478665782716
0.013875,0.14292275816260674,0.19482724119347564
0.014,0.4338689754005654,0.09537208544337682
0.014125,0.037687850170492296,0.03644829062512293
0.01425,-0.28071663994083096,-0.1097910546225939
0.014375,-0.4251833739501502,-0.20620791481098585
0.0145,0.13508627486822436,0.2603758786530552
0.014625,0.1974218146383087,0.6339114822459152
0.01475,-0.09503076766815148,0.21936299991584185
0.014875,-0.28209551545033773,-0.2958734269516796
0.015,-0.40559737309029503,-0.06527571745121839
0.015125,-0.6353632132566318,0.09705715938166677
0.01525,-0.16449435898382483,0.1870183177527693
0.015375,0.3119259406543105,0.01867060706312117
0.0155,-0.009526090709447455,-0.07343139881735676
0.015625,-0.39946511723311906,-0.273354189242908
0.01575,-0.3822769362148045,-0.3395666474998415
0.015875,0.15690159837014658,0.20042322883107003
0.016,0.0301891225638099,0.5105918532884811
0.016125,0.008233012337367748,0.11280946041816967
0.01625,-0.09218644176801821,-0.31678858305948043
0.016375,-0.126695063213942,-0.3295086266867698
0.0165,-0.34325304237246446,0.17510062974136206
0.016625,0.032521261177026965,0.006282303598328517
0.01675,0.07874818275257195,0.05183788548402198
0.016875,-0.092751304594426,-0.28270361629614593
0.017,-0.5516036727769728,-0.4111450698007455
0.017125,-0.26922735096941447,-0.4343721601200325
0.01725,0.33665098053846937,-0.10671842923563034
0.017375,0.45679167346047367,0.35261964267007284
0.0175,0.14258126551141484,0.0031289487855966375
0.017625,0.15046066530866398,-0.5268381775323249
0.01775,0.2853357764590927,-0.3530936194326683
0.017875,0.06222511739168346,0.05833073389435704
0.018,0.19483040957615388,0.07133855190816482
0.018125,0.6597909360539128,-0.07633035261616998
0.01825,0.5969688259153721,-0.07624802576459941
0.018375,-0.17990659045979962,-0.20282523534776703
0.0185,-0.27495695475460363,-0.3401516961297801
0.018625,0.33021043461343047,-0.14637888233100177
0.01875,0.24696695314057,0.11606460192894551
0.018875,-0.04950333280505843,0.07036540533509991
0.019,-0.2113737593411774,-0.4387261939851316
0.019125,0.044085778506302846,-0.20516972235017075
0.01925,0.017536583963037693,0.27984240608031924
0.019375,0.06445754239724785,0.3889252335620531
0.0195,0.36491063469950524,0.24161029686991456
0.019625,0.3743423792591351,0.12497634252407233
0.01975,-0.21713649218667289,0.1579660472323261
0.019875,-0.19330381111807524,0.014698642108922633
0.02,0.3199477493676824,0.21860207529317977
0.020125,0.34093737079178227,0.46549200168472643
0.02025,-0.019109270512963683,0.41327331550180113
0.020375,-0.20706106290306975,-0.16085779664672334
0.0205,-0.1264390911918386,-0.40332783635002856
0.020625,-0.14653426546786397,0.04067110415159054
0.02075,-0.042027548164273766,0.258777826611458
0.020875,0.15741245549200955,0.048026472263165344
0.021,0.1609763341710257,0.05720455805820127
0.021125,-0.26573297249265326,0.04174373818378296
0.02125,-0.31416258404328684,-0.18291673962997204
0.021375,0.1592982119091268,0.009173248229698465
0.0215,0.23264486873316587,0.25381116821556443
0.021625,0.10084788377980415,0.3148050437647678
0.02175,-0.4098665230995709,-0.13083889289166606
0.021875,-0.2973844531625062,-0.22967825003795753
0.022,-0.0035372207974557366,0.20661645687471783
0.022125,-0.05519168549215682,0.22556637103201702
0.02225,0.10498140973727788,0.017559521950648957
0.022375,0.27087351041874264,-0.23776990818996466
0.0225,-0.18699964654025764,-0.2803844710154277
0.022625,-0.2810306555291515,-0.25520246099378224
0.02275,-0.04090692139048382,-0.05310017557404878
0.022875,0.6760033779560731,0.12626703576693948
0.023,-0.005874932469803439,0.12258823543543941
0.023125,-0.6040505171948768,-0.3714637264721943
0.02325,-0.1055960159983333,-0.32848609641850496
0.023375,0.0338040792209427,0.14249321642524146
0.0235,-0.005168867455996669,0.2848243671358501
0.023625,0.0011487630272574508,0.12357051888133212
0.02375,0.10402522663822832,-0.37780097837374077
0.023875,-0.45791830136641876,-0.3294714161825566
0.024,-0.770937713988262,-0.15784811531451937
0.024125,-0.25643423584912867,-0.07846794916212257
0.02425,0.554655420364244,0.14681819480809588
0.024375,0.2621874788160614,0.14873457840890073
0.0245,-0.22283657077485053,-0.06933082116655769
0.024625,-0.21727782268530083,-0.3823087243044739
0.02475,-0.19988002237582106,0.00717696123474104
0.024875,-0.12838422904896593,0.5160604563809817
0.025,0.21274523329894646,-0.09196145079785989
0.025125,0.2807806734088222,-0.5209756472717937
0.02525,0.15500463876496318,-0.24223494265234877
0.025375,-0.4762684085764141,0.07817191494205779
0.0255,-0.0794582327590016,-0.08529785791786108
0.025625,0.616077552237368,0.19967198737151345
0.02575,0.4282466758905151,0.1017161871900267
0.025875,-0.09938537212655307,-0.4081937332954749
0.026,-0.11878549676245387,-0.561866809419683
0.026125,0.18539398968549087,-0.17036476273122422
0.02625,0.3977995274542353,0.4407236063785463
0.026375,0.39823561126374374,0.286911299153571
0.0265,0.4078581640838384,-0.15788791659426982
0.026625,0.02885422209824511,-0.1416257938740397
0.02675,-0.2158961862808458,-0.16729067999290276
0.026875,-0.047749006642478456,-0.12410386794904159
0.027,0.5784040266299306,0.1283816622684127
0.027125,0.43165605345460645,0.34289589496540834
0.02725,-0.19096029044296617,0.10248774443590554
0.027375,-0.2890901920589939,-0.2343759294420733
0.0275,-0.27494387673512843,-0.05326283651590797
0.027625,0.12577966509493552,0.5136716253326727
0.02775,0.2804172680126775,0.36861764407392505
0.027875,0.4558192767687116,-0.3207093705872678
0.028,0.08008663098632474,-0.2068041784646036
0.028125,-0.3731282645046822,0.11500633498529819
0.02825,-0.19422733533543743,0.24518789367957639
0.028375,0.40477766178338753,0.3479909197271854
0.0285,0.5442489724089322,0.4372482975293713
0.028625,-0.006598928224078236,0.11098895956024117
0.02875,-0.5365277531349871,-0.28485853882940265
0.028875,-0.051354415801333445,-0.12390632848883651
0.029,0.13906908493356124,0.49978212856161275
0.029125,0.2923191521499714,0.380528742144926
0.02925,0.2532095018140216,-0.08483111357352462
0.029375,0.04790081540688621,-0.3754055029063848
0.0295,-0.4570011488195927,-0.2971968585701657
0.029625,-0.5401855174801213,0.03148203866101329
0.02975,0.28060586422794537,0.1456063749909601
0.029875,0.5001904241363875,0.2378688546305526
0.03,-0.07405904309286294,0.05793328701609761
0.030125,-0.4332680587363104,-0.30379928983720683
0.03025,-0.3505578218996565,-0.333757861910514
0.030375,0.13739834702689824,0.31480633067058006
0.0305,0.16219062568684753,0.45257129509447613
0.030625,0.2698828936492173,-0.12305513908686233
0.03075,-0.010279395537628891,-0.3567295704949487
0.030875,-0.5388852929372201,-0.0605136197890835
0.031,-0.41261322883348467,0.09087356803866824
0.031125,0.3027972218146845,0.21661734886963138
0.03125,0.49832459648750155,0.16670155593314567
0.031375,-0.17251565739658453,0.12402506557466601
0.0315,-0.5915135376637823,-0.31762834397352646
0.031625,-0.15971969790890025,-0.35542349416602853
0.03175,0.195835564714053,0.22350621473503884
0.031875,0.21417647453072106,0.5039924906931812
0.032,0.1400608823897729,0.053537324744153264
0.032125,-0.06602393309934027,-0.4274236431511609
0.03225,-0.4766552854099908,-0.1440487101827172
0.032375,-0.7617597249912899,0.13796675358020297
0.0325,-0.01448125808977516,0.2556409500435385
0.032625,0.3713686821390954,0.16116555491371815
0.03275,-0.15699739723823844,0.06949346860404025
0.032875,-0.46318115508517055,-0.3678889929896578
0.033,-0.25590997747541505,-0.5671364871010365
0.033125,0.035504944303226524,0.2743855915686064
0.03325,0.08242322672585521,0.5006270148262723
0.033375,-0.026108159910170552,-0.045160889060246415
0.0335,-0.005132446125466705,-0.5056123608529952
0.033625,0.04752845276513756,-0.2463534612701511
0.03375,-0.15346847905348285,0.1898344809882888
0.033875,0.3153067742843923,0.14914032663824126
0.034,0.6474591929407556,0.158685614721323
0.034125,0.3638097352873043,0.03867499679049287
0.03425,-0.4265377068798302,-0.38722574430565165
0.034375,-0.03428882883124737,-0.6476109873044972
0.0345,0.38101321170871616,0.03494745380820446
0.034625,0.5023683277869361,0.2666379936055211
0.03475,0.19600698773525396,-0.26756524335879345
0.034875,0.07782640890848216,-0.438963090951272
0.035,-0.09275335396671855,-0.3907178288488961
0.035125,-0.3468140863436788,-0.06461858028208307
0.03525,-0.05234020073368203,0.09375873749970304
0.035375,0.6703903634945879,-0.09282740193876
0.0355,0.3116960188953956,0.13371211695086843
0.035625,-0.18132308472403047,-0.024651338200721747
0.03575,-0.2604025550351562,-0.04771891852928239
0.035875,0.24170423171375052,0.31783132502634415
0.036,0.18204280704909984,0.6733397407019182
0.036125,-0.014078433513447142,0.1761316171879076
0.03625,-0.23622184295866427,-0.23755154303942758
0.036375,-0.29435738932131456,-0.01504947115069884
0.0365,-0.26104460875280594,0.23853255846849533
0.036625,0.20120672834617143,0.25833754321155283
0.03675,0.7535823900324435,0.18360332503701027
0.036875,0.3342421821685571,0.00020069616434135074
0.037,-0.3497901742099698,-0.07629467381937162
0.037125,-0.4946745152687716,-0.25183565247597045
0.03725,0.1909391121830493,0.031518774376400195
0.037375,0.29272747057350174,0.6130525083127492
0.0375,-0.3004715451544534,0.21964354238405412
0.037625,-0.22306912624656924,-0.2563469039272761
0.03775,-0.2533223561563013,-0.10661220010301703
0.037875,-0.2514007121911682,0.044033847652779665
0.038,-0.06592982182522737,0.17194135407512354
0.038125,0.2223949141269836,0.07836419622821525
0.03825,-0.08565763549820124,-0.11074954469389021
0.038375,-0.4258750608525631,-0.26291219395668125
0.0385,-0.33454825311518555,-0.24455621839760613
0.038625,0.22795741966300587,0.16043761610672572
0.03875,0.5482277270038237,0.6565339588080504
0.038875,0.23154065121234313,0.36127278035035354
0.039,0.06771025097918934,-0.4736878243133146
0.039125,0.0743636703204794,-0.4232259707152153
0.03925,-0.2097978482508312,0.19615715459931227
0.039375,-0.004474710547609329,0.3007978735537118
0.0395,0.35046618439160065,-0.19170808600494224
0.039625,0.15475811130544578,-0.33196281610258666
0.03975,-0.40753186455609886,-0.21225948969222802
0.039875,-0.7989763050640303,-0.12891830117821798
0.04,0.030513200889274943,0.014860274074777904
0.040125,0.29902524152109056,0.23455031142200028
0.04025,-0.07824556980619439,0.08320682911514575
0.040375,-0.5427624544675592,-0.43660486163458573
0.0405,-0.5804257890633909,-0.390572004353707
0.040625,-0.47773134972323916,0.11587161480527058
0.04075,-0.18136019648538318,0.4819546237589421
0.040875,0.3200997593909399,0.11186556105168623
0.041,0.08051385004048699,0.07674304726932207
0.041125,-0.22709435004176268,-0.021837331062789688
0.04125,-0.5398157927800272,-0.21024795316080352
0.041375,0.06363569787603268,0.1507682598673866
0.0415,0.33323341297134457,0.23478475375723148
0.041625,0.127980842640766,0.08557157690747316
0.04175,-0.128744301879638,-0.4772106120171113
0.041875,-0.24667118971487584,-0.6117329214473932
0.042,-0.19302794341944643,0.029205494331115276
0.042125,0.033939385290896094,0.3588550811788133
0.04225,0.50510699835565,-0.03435198954879644
0.042375,0.540064628266145,-0.4219804989091938
0.0425,-0.23676365000751293,-0.44570318694431244
0.042625,-0.5900476058153103,-0.4664058681943308
0.04275,0.17415161075881577,-0.18883018647404146
0.042875,0.8102952281711558,0.21460397193647165
0.043,0.44464791910058626,0.36630675997362316
0.043125,-0.18672426109102797,-0.16816235333682084
0.04325,-0.14712030544380647,-0.4683423698686619
0.043375,-0.20275188214915482,-0.032383703872104166
0.0435,0.03526564919021078,0.34017442306472007
0.043625,0.4333841675006731,0.15798056256136883
0.04375,0.52580133281273,-0.10052857235582766
0.043875,-0.06630475036932433,-0.3463146166215878
0.044,-0.7717534179511404,-0.21495662606924446
0.044125,-0.2899347600520395,0.1252751736048766
0.04425,0.7013111421810928,0.4756442279687726
0.044375,0.32977918580570015,0.3553504543937779
0.0445,-0.32906288176230686,-0.1802516745390723
0.044625,-0.17059503649979163,-0.3907439061271266
0.04475,0.06633700626110046,0.2636822905192147
0.044875,0.364218514937582,0.7353511269015843
0.045,0.40927556329645376,0.2738212588241379
0.045125,0.408808353245182,-0.07564388643493707
0.04525,-0.03805048839567457,-0.21605588946439303
0.045375,-0.3952765332375938,-0.1761325554955318
0.0455,0.1695280354446551,0.108839653885611
0.045625,0.49727588260824096,0.4716663205372433
0.04575,0.17554235115498681,0.47428834393551467
0.045875,-0.3781064038146029,-0.057671292261622806
0.046,-0.3874754043171991,-0.6534273306034017
0.046125,-0.2559698114396088,-0.007790038718137058
0.04625,0.023345074451923114,0.3400884974240616
0.046375,0.057005832580355534,0.29760497476482656
0.0465,0.20153092663864772,-0.28424170383810476
0.046625,-0.2027186035490888,-0.32027711064593767
0.04675,-0.44376061892814084,0.05342150790193024
0.046875,-0.10705008167115015,0.33431093445803284
0.047,0.6299638336395261,0.22251614100998257
0.047125,0.2565297852777977,0.2793185430464076
0.04725,-0.2672260827812463,0.007548140245603333
0.047375,-0.5974613515576045,-0.4459621234202035
0.0475,-0.15713632416247578,0.11400305743194508
0.047625,-0.01694216295845865,0.4545069510046313
0.04775,0.11219533467225255,0.15529629223246214
0.047875,0.22746171375992683,-0.23994862161017083
0.048,-0.10568499747063363,-0.4131589954136597
0.048125,-0.39972550717843497,-0.09254765661584181
0.04825,-0.3141055194922607,-0.04481828600614328
0.048375,0.24322085940615842,0.05171421553928038
0.0485,0.23488377227304083,0.4283512161647822
0.048625,-0.3481820405191263,-0.14034282691090272
0.04875,-0.5304414342072135,-0.3207731922356744
0.048875,-0.20697136335586794,-0.017473201048404875
0.049,0.0884135500823372,0.5653117963269313
0.049125,0.03422455344681545,0.4367467033062583
0.04925,0.07751641833699686,-0.2757017129798781
0.049375,-0.10162472842917797,-0.4382768331696998
0.0495,-0.4226395817919516,-0.2804527740328672
0.049625,-0.4306688787775071,-0.18844184997721067
0.04975,0.3506419924277646,0.025485897105779576
0.049875,0.41129223166234435,0.21860620396536912
0.05,0.019911237089511237,-0.094909222125101
0.050125,-0.4544285644845586,-0.24302024095553523
0.05025,0.04493939612988634,-0.2732436426312393
0.050375,0.2687763659821038,0.2977597839782855
0.0505,0.14275701673672436,0.20182692786712628
0.050625,0.36376489148308583,-0.475539482783889
0.05075,0.2058074908354253,-0.44518319806461054
0.050875,-0.17791895163997373,-0.19035833889631595
0.051,-0.19938819451894685,0.00482005287131027
0.051125,0.4310925354036752,-0.15691342610899656
0.05125,0.5033050704622617,0.011570358321212722
0.051375,0.040138880405637796,-0.1952207854194153
0.0515,-0.44571607044428063,-0.31790491212046884
0.051625,0.09271948749373178,-0.5106652543239553
0.05175,0.3778219224407135,0.24127270453740426
0.051875,0.23232860725733367,0.5560901342625361
0.052,0.10264437503306165,-0.17004621934881786
0.052125,-0.13525356412979261,-0.2783671216685188
0.05225,-0.42409169854467066,-0.013525244351544537
0.052375,-0.2398199831113105,0.22657285135004562
0.0525,0.3274625036600766,0.24117096278042405
0.052625,0.6427874645704131,0.29047121018832295
0.05275,-0.027028330437778424,0.3563395235895609
0.052875,-0.48391116172770093,-0.02071692155510953
0.053,-0.2655805326730498,-0.14906425132316325
0.053125,0.2038553384060771,0.2616999676575291
0.05325,0.2948647605731197,0.5753261423582031
0.053375,0.2185693794472785,0.017620300354271614
0.0535,0.21253438320819512,-0.4853426690697087
0.053625,0.1000247660118258,-0.009301379234952226
0.05375,-0.17782653247894603,0.3197027615083613
0.053875,0.2754529352218703,0.36497483956075744
0.054,0.5600928908129373,0.19055241498772668
0.054125,0.04395997906251237,-0.09969476821534803
0.05425,-0.2493119686134925,-0.3869879796981976
0.054375,-0.3231696518173165,-0.26484602628774145
0.0545,0.29809211378743283,0.32130907000318926
0.054625,0.21860682445323998,0.515050516833383
0.05475,-0.022400418010170682,-0.011107049735049657
0.054875,-0.24436634099834773,-0.49785838520818443
0.055,-0.1890315732686268,-0.2162284045339839
0.055125,-0.38730111113374394,0.20476814606536678
0.05525,0.24378514582059255,0.2962716923001339
0.055375,0.20851622816165175,0.12049985102405403
0.0555,-0.03300306716355439,0.11035614377375665
0.055625,-0.5083049155041028,0.05056513277942404
0.05575,-0.23328756637756354,0.023574601639982762
0.055875,0.05970573427228349,0.21320329238198077
0.056,0.21277846416962087,0.3470129454380706
0.056125,-0.13530060183615147,-0.1236448970095295
0.05625,-0.22660219055088004,-0.2971522541574414
0.056375,-0.10783166184445853,-0.15706904411925107
0.0565,-0.4381813307141442,0.3932914746006457
0.056625,-0.018776831077865288,0.31940576617664496
0.05675,0.28536554247200413,-0.0824709421267657
0.056875,0.031699184612443816,-0.08027817675719015
0.057,-0.6215609551644146,-0.1633991167971425
0.057125,-0.4898592034046332,-0.272105954758876
0.05725,-0.16199192760588102,0.18843916822695223
0.057375,0.04871396882734819,0.12828812912587872
0.0575,-0.009234729914659602,-0.1508126421204358
0.057625,-0.17510024640978147,-0.30906148723999793
0.05775,-0.41819081757617504,-0.34634018880695044
0.057875,-0.21033056159981559,0.13104196988622058
0.058,0.08213660808747919,0.08227893246365131
0.058125,0.466292645057691,-0.14615597841395697
0.05825,0.46022282732136277,-0.2896669187276849
0.058375,-0.4535662235741516,-0.34729256370412626
0.0585,-0.5197488286527253,-0.4319986228141947
0.058625,0.10053769539221782,-0.07316504991037309
0.05875,0.38452867597351337,0.19329289362429455
0.058875,0.34885829299430665,0.03433567701994096
0.059,0.16520301227455436,-0.5904931008606172
0.059125,0.1079801821007784,-0.4796096445785102
0.05925,-0.1842749334802293,0.05163350065782891
0.059375,0.141501916586638,0.049013597146627765
0.0595,0.473747229044031,-0.006700369882057223
0.059625,0.28038492333440945,-0.07812712952964393
0.05975,-0.11666049568183312,-0.19850360414674686
0.059875,-0.5625237409884187,-0.3287973551622897
0.06,0.19229018024773453,0.023488255045470276
0.060125,0.5735123730474423,0.528695232018534
0.06025,0.18639306360902333,0.3782643697204163
0.060375,-0.16099151340188655,-0.4579912701322704
0.0605,-0.047395902042355074,-0.39489066367917597
0.060625,-0.08719387932866828,0.011040044724965335
0.06075,0.03180483986335449,0.4424719718324836
0.060875,0.3319624983072608,0.3417389985274492
0.061,0.28008231533491534,0.11074490820912715
0.061125,-0.2722256641976434,0.08044813128161497
0.06125,-0.5913711047983439,-0.01323745447299033
0.061375,0.09668484469525009,0.18283662890646613
0.0615,0.6229409411326048,0.38259382310794404
0.061625,0.2976897228068926,0.33545468651244736
0.06175,-0.2391054390904009,-0.22359356808781286
0.061875,-0.209970422604657,-0.33704183219156797
0.062,-0.04420646321906278,0.22894174551349813
0.062125,0.04529717704662769,0.6014945218335013
0.06225,0.4046718242308779,0.2451926959135939
0.062375,0.28136188092765935,-0.05308145641658012
0.0625,-0.35452588028735676,-0.10324308083562589
0.062625,-0.5429016010521264,-0.04581113064396122
0.06275,-0.167904393224021,0.1427178202287424
0.062875,0.3835858289248712,0.21611073394965932
0.063,0.0816167382842319,0.2726163930633626
0.063125,-0.14154141037344706,-0.22430749343494086
0.06325,-0.19852736441041038,-0.44767039974640177
0.063375,0.038012748518575765,0.22128810083641526
0.0635,0.20468595062679898,0.398635895884633
0.063625,0.18888485902455293,0.30365427765721503
0.06375,0.2254594750781869,-0.004724790592158161
0.063875,-0.11181612506402451,-0.1737311407550009
0.064,-0.31959526585995696,-0.0662738829915411
0.064125,-0.05454400211443524,0.022948681126269323
0.06425,0.39044478566658325,0.431465134345756
0.064375,-0.024946639856045165,0.31276723635888104
0.0645,-0.6137936344264269,-0.25984740645661203
0.064625,-0.40612544646860294,-0.33630485922068715
0.06475,-0.23087922176164355,-0.18161668142182655
0.064875,-0.09999602702203865,0.15814984801517742
0.065,0.1264316887548018,0.05694001133115038
0.065125,0.056031952163703616,-0.44137713223582486
0.06525,-0.3467343408844798,-0.1934811607112873
0.065375,-0.32701065688664366,-0.01218887485285909
0.0655,-0.07770369241669475,0.06889253089010403
0.065625,0.2191283551451268,0.19176276240884446
0.06575,0.07458138615607554,0.1945771327370985
0.065875,-0.3939209658892734,-0.05611525925226247
0.066,-0.3983491819282306,-0.3415518447041705
0.066125,-0.11956110875817992,0.022803832617182513
0.06625,-0.09280084618569642,0.31079717397212986
0.066375,0.25173220379652067,0.009640898936839061
0.0665,0.4004055469751616,-0.4341074327606793
0.066625,0.22484842297595667,-0.3887021228837672
0.06675,-0.38248056007270054,-0.06938465401972628
0.066875,-0.03400944907098036,-0.07142261733219746
0.067,0.42493080984937065,-0.03147899819653366
0.067125,0.5781031901543381,-0.03342452268984088
0.06725,-0.22683464672077497,-0.21565459233404552
0.067375,-0.24168978132738825,-0.4402844173784139
0.0675,0.04237113433756317,-0.06707181810435077
0.067625,0.4625789003717026,0.3187273510833977
0.06775,0.4354692007042266,0.023213958133379946
0.067875,0.4310093019956463,-0.2927915458979349
0.068,-0.12363639219403201,-0.4142670488178818
0.068125,-0.44735574117625754,-0.17130947807972977
0.06825,0.0025044499627117456,-0.14437269966762073
0.068375,0.4963188051861751,0.27513760609615456
0.0685,0.45290288945191004,0.5135543080707407
0.068625,-0.23809283975547882,0.027655340270286648
0.06875,-0.21840751616295453,-0.24816053046741554
0.068875,0.06890109501236866,-0.1005910034915349
0.069,0.3050648851251147,0.4183846434749472
0.069125,0.26181973844382034,0.4313634610293646
0.06925,0.23141928713704485,-0.11344255056570869
0.069375,0.18963327134812222,-0.29045752136473263
0.0695,-0.28796001926017234,-0.009262258504888172
0.069625,-0.3105745145425635,0.3507886327564637
0.06975,0.20696331847733881,0.32778674615430975
0.069875,0.45205760946137774,0.4346128329732009
0.07,-0.029992922637035978,-0.170062559215761
0.070125,-0.43128055525053804,-0.5989788964912073
0.07025,0.023227234983899663,-0.09765040053303904
0.070375,0.20507640902366628,0.5382226143893387
0.0705,0.11306087247600866,0.4721958218391632
0.070625,0.215872660659617,-0.25009887794004804
0.07075,0.3039753757888161,-0.46792276659115545
0.070875,-0.14552872769490852,0.01633990519734437
0.071,-0.523231864721404,0.2689580986995532
0.071125,0.09549474917300968,0.18971647851367435
0.07125,0.4377358124695674,0.2412324398333599
0.071375,-0.008025337434369742,0.0976803229455745
0.0715,-0.5263178584976668,-0.21525913924901377
0.071625,-0.36662609622205533,-0.19729696491104579
0.07175,0.10395162547905695,0.120527640515274
0.071875,0.14825046310372803,0.4996416949765367
0.072,0.14648558345953733,-0.11198837893516353
0.072125,-0.08670732587027893,-0.2539363264671424
0.07225,-0.3364395463260149,0.07659191400898588
0.072375,-0.4355906158253928,0.28896032564541896
0.0725,-0.1081423613194521,0.01893752342437269
0.072625,0.5367276128339556,0.2692353913686294
0.07275,-0.043513170223991315,0.20600520611131776
0.072875,-0.5098091965925422,-0.06635979525505141
0.073,-0.2857407161660619,-0.32201205873807864
0.073125,0.2608468862037284,0.10005405667249033
0.07325,0.4519524831714192,0.0971785464110974
0.073375,0.30928023768699553,-0.16825577499500297
0.0735,-0.09745031611055702,-0.41335647991002594
0.073625,-0.33633682687015026,-0.23748915131351434
0.07375,-0.29261162928967765,0.09704925810348082
0.073875,-0.12705070856117706,0.27278731800354894
0.074,0.3431400043854681,0.0554905061988055
0.074125,0.05156394732548621,-0.0016195863678980832
0.07425,-0.4019264369274936,-0.3971787685841948
0.074375,-0.27185645150278365,-0.5050913048092386
0.0745,0.13450202861281035,0.18205638309140273
0.074625,0.1537479350991493,0.47927510551500235
0.07475,-0.08752202058508508,0.016462602492513426
0.074875,-0.07310308669974117,-0.5958925040273999
0.075,-0.27371137219767583,-0.2787754522795814
0.075125,-0.4503455558529814,0.1570574722044035
0.07525,-0.10110371967373934,0.39608534125009764
0.075375,0.47352067374160073,0.2070484006335653
0.0755,0.18530878803300876,-0.09047767279010525
0.075625,-0.3787848115204237,-0.2837985445703701
0.07575,-0.13366448530744446,-0.42504339845066585
0.075875,0.35971911933199274,-0.012747784527897373
0.076,0.6200145144113284,0.27379956056820953
0.076125,0.5125971122112415,0.002936385870445056
0.07625,0.10629930686477426,-0.5818087131775842
0.076375,0.056369693176224075,-0.3886985601023243
0.0765,0.08220338764485961,-0.0042380054436296595
0.076625,0.1962948643797989,0.2778083072530955
0.07675,0.5093448912029857,-0.0047024094499803154
0.076875,0.26708469306102856,-0.09726735315684976
0.077,-0.5761222869405962,-0.21979430137360728
0.077125,-0.44511189551645214,-0.44583970315916865
0.07725,0.3226190272848591,-0.2090108280261186
0.077375,0.3349646544039712,0.30199776242708004
0.0775,0.06695776151164953,0.18147519350108907
0.077625,-0.04990409429979012,-0.3152543039137263
0.07775,0.14873426433349507,-0.08860835967858902
0.077875,0.09663245541199819,0.07677078354077542
0.078,0.018094543397398914,0.3167759135231034
0.078125,0.28343909792261607,0.2919956254211607
0.07825,0.18381607177268655,0.11665016241300624
0.078375,-0.30983414628484085,0.038115295213702036
0.0785,-0.3225673275649038,0.054656557131241366
0.078625,0.24638477371196743,0.2450567422263027
0.07875,0.40427718141108515,0.397357865955351
0.078875,-0.0002838793666314968,0.20563027113526072
0.079,-0.2771331192523836,-0.34339068078574064
0.079125,-0.18430670166350482,-0.3024582494255978
0.07925,-0.01386184294793098,0.2711077961816631
0.079375,0.11158698685964387,0.24439821031993506
0.0795,0.2284687315256282,0.09568634071305772
0.079625,0.015632662429243174,0.22681975377442073
0.07975,-0.5245583539149199,0.13818499555789832
0.079875,-0.39266110887111627,-0.04783001301848801
0.08,0.12139272371189262,0.04257277369313507
0.080125,0.46771819775329404,0.39214602267094867
0.08025,0.1581346795979017,0.04032512580869448
0.080375,-0.05410836983477276,-0.2877821208511136
0.0805,-0.028537123805605833,-0.3639939692295443
0.080625,-0.31651702193490155,0.1543457737163059
0.08075,-0.049042506768613235,0.36976929505441464
0.080875,0.2631620753855631,0.19290318146341734
0.081,0.15501714277332507,-0.10977430902209646
0.081125,-0.37245201247285403,-0.10564593952909913
0.08125,-0.628670678333106,-0.019798344081625525
0.081375,-0.22700223345155254,-0.03826935714784399
0.0815,0.1438389559167169,0.3347083752152524
0.081625,0.2746260975752402,0.20399265504981018
0.08175,-0.17991553974232305,-0.40939255545411085
0.081875,-0.13751490997390375,-0.5292727654791453
0.082,-0.15101006807983086,0.1468185221191023
0.082125,-0.07269853382077959,0.5437002288860278
0.08225,-0.05013394799750992,0.19973177993047098
0.082375,0.13355190939033537,-0.06534809165885534
0.0825,-0.45944547677212183,-0.045371510970575596
0.082625,-0.6609106103021338,-0.25186560540935626
0.08275,-0.2514024456814843,-0.14300082387065507
0.082875,0.3665200479905488,0.21725764280701015
0.083,-0.03470247169088839,0.20305297538971498
0.083125,-0.16772598382402945,-0.3628314024778618
0.08325,-0.2915908042801931,-0.42396507307174
0.083375,-0.1585158951158488,-0.13751461325428563
0.0835,-0.12061970700510785,0.22670808663466469
0.083625,0.10575005335442653,0.2585324716599024
0.08375,0.2503121923665802,-0.12479109233001978
0.083875,-0.017240488214252284,-0.04386816572407471
0.084,-0.10509415384776775,-0.13079452880751777
0.084125,0.17705943052996945,-0.2128371849615566
0.08425,0.48503465553987707,-0.0020766224671641166
0.084375,0.2817993261954893,-0.014183744374880292
0.0845,-0.1274556103119944,-0.3671068103989143
0.084625,0.06392952435692209,-0.6351678703015159
0.08475,0.16172994966969617,-0.0985308214739619
0.084875,0.37846090352674333,0.1275148300710829
0.085,0.4338924423940244,0.11174268549870002
0.085125,0.5552749416496663,-0.2620946830394581
0.08525,0.09478144501312788,-0.09601451981197831
0.085375,-0.5401501853185122,0.011180562469919973
0.0855,-0.32702664421985966,-0.11889923490458057
0.085625,0.38230716845645163,0.08519305937411734
0.08575,0.4214399672770612,0.3330499198889395
0.085875,0.02506339533866267,-0.1110339151573179
0.086,-0.3504655237336141,-0.27939407853988313
0.086125,-0.1481735255278932,0.27868657113978335
0.08625,-0.029677213206690416,0.5875790007009398
0.086375,0.254533520260018,0.15850456678193825
0.0865,0.16907158513316303,-0.036199218644581095
0.086625,-0.36585560057532757,-0.027035984942980734
0.08675,-0.28217866681523845,0.20547652105938594
0.086875,-0.10203665049570938,0.24744929132665017
0.087,0.15961352328128706,0.352740395680752
0.087125,0.35153416450117414,0.47755238741263983
0.08725,-0.24775365517672307,-0.11273888210091362
0.087375,0.0016932257825534483,-0.4845284551431607
0.0875,-0.10517184634356817,-0.1738815922302737
0.087625,0.0390876414241079,0.3853405217681758
0.08775,-0.2505164026789913,0.3943593292820432
0.087875,0.04840929784467724,-0.020994238927082323
0.088,-0.11695805085733457,-0.26082083145491036
0.088125,-0.4431497438469959,-0.014641250819267712
0.08825,-0.28572580762188715,0.05348324857541504
0.088375,0.28455119232106896,0.261028537991049
0.0885,0.26175828805008294,0.17216837712168562
0.088625,-0.11025188380245847,-0.0012515916690670197
0.08875,-0.393817608431876,-0.2209666977309054
0.088875,-0.007631426563049176,-0.08235105722732267
0.089,-0.09943565905346108,0.3085913539333953
0.089125,0.09121666865681241,0.4660774242178342
0.08925,-0.010664212686322823,-0.03263588655549653
0.089375,-0.002544258944487475,-0.09409423250617785
0.0895,-0.5192211912933261,-0.14808181771026593
0.089625,-0.23213616489554598,0.1354352522031264
0.08975,0.1949297099024512,0.0595203410370547
0.089875,0.40998331939030724,-0.011491949246014654
0.09,-0.13638771867382854,0.0232860548944979
0.090125,-0.22749043795889784,-0.5117161617675965
0.09025,-0.2042295099763216,-0.3420794128331665
0.090375,0.1986790893127929,0.2786549804885923
0.0905,-0.05195197782465077,0.16052407505387656
0.090625,0.024040687478931476,-0.14535920413194675
0.09075,-0.010555583115219607,-0.2176057982218343
0.090875,-0.42188526482818134,-0.03420311366217917
0.091,-0.43391133703218066,-0.010497481532821592
0.091125,-0.08313441861642738,0.003971606151974842
0.09125,0.37820684731447834,0.08845229244965966
0.091375,-0.18680219388647765,-0.18733725087105632
0.0915,-0.5078348123877332,-0.26287911257365343
0.091625,-0.45558899286320104,-0.26305293407777697
0.09175,0.11083102250359658,0.23829559474610845
0.091875,0.10133289537836314,0.296668359236696
0.092,0.308686976982495,-0.16841785006586252
0.092125,0.21966929225847545,-0.38777559329673567
0.09225,-0.2790833677753226,-0.06100759510687583
0.092375,0.05137765589210283,0.19292730046680423
0.0925,0.47696713936046625,0.015779231543916864
0.092625,0.5438182469306793,0.09415131247863676
0.09275,0.2186211300591772,-0.03809737055065419
0.092875,-0.2926360688560089,-0.4265333865569161
0.093,-0.14097607074575816,-0.2901473434703704
0.093125,0.4567660099874213,0.14127348214600646
0.09325,0.3782143808179224,0.2294622503645523
0.093375,0.266574595181366,-0.20518483293024473
0.0935,-0.04684261136086631,-0.6377163518883264
0.093625,-0.10243192629782327,-0.4764602570351685
0.09375,-0.5042860256726462,-0.006388728287098481
0.093875,0.17808748292336246,0.16757659453098703
0.094,0.45573828513912945,0.1862944865986559
0.094125,0.09849342710029492,0.1982672039179536
0.09425,-0.435792964934484,-0.001058621263219978
0.094375,-0.3716525305586722,0.020093104038411774
0.0945,0.16861625958761825,0.3068745216709447
0.094625,0.3197623031367721,0.496351432857773
0.09475,0.1247973547521491,0.16919894868721763
0.094875,-0.08894958183608753,-0.2852908441780263
0.095,-0.25680626553181285,-0.05968160307716997
0.095125,-0.22623945496784487,0.23820640071710733
0.09525,0.1831421302106524,0.25368254882782887
0.095375,0.4153218277610382,0.399665115269727
0.0955,0.44702244851953,-0.030741664931447272
0.095625,-0.23551160722018583,-0.20592339495510756
0.09575,-0.34562595559138054,-0.35478533660652584
0.095875,0.18037263605451678,0.0944634998686764
0.096,0.4383110753265778,0.5377398151972321
0.096125,-0.06475619474097498,0.05136959818397122
0.09625,-0.02526646637475153,-0.4456479786704129
0.096375,-0.28568003261007324,-0.2768699226197397
0.0965,-0.5436532935072799,0.11679625275269082
0.096625,-0.03873629846726784,0.21867689773374888
0.09675,0.2805180543327121,0.1787581721214396
0.096875,-0.16973443208313124,-0.1529908812665113
0.097,-0.4839109123903986,-0.22582090067659244
0.097125,-0.35350933367609727,-0.0953567981820262
0.09725,0.3450273195698521,0.15154307541015288
0.097375,0.24036386256856404,0.639362973886259
0.0975,0.02578439827083122,0.3375736784143765
0.097625,-0.22903936856680063,-0.29122606880267643
0.09775,0.15789259520164536,-0.177962314971823
0.097875,-0.1432987845613618,0.2027978091577015
0.098,0.08488717041325107,0.29570274959801085
0.098125,0.19195519786127008,-0.006400388489903877
0.09825,0.16994875140397755,-0.024543657077112653
0.098375,-0.44385426200356215,-0.1367947563328405
0.0985,-0.559370149070527,-0.23816731670158586
0.098625,0.011385496595754935,-0.11117975968995568
0.09875,0.3104347819123445,0.2628611469857817
0.098875,-0.05896152963827083,-0.0071790517897480964
0.099,-0.23473355365000548,-0.556375478013078
0.099125,-0.02586458044740081,-0.2712261143743927
0.09925,-0.11498026540716574,0.2807560290398296
0.099375,-0.15316469379122905,0.4142014119524093
0.0995,0.1416753207892021,0.03280673271093515
0.099625,0.0003216637606048144,-0.22598394576111844
0.09975,-0.42036052595192724,-0.015126290467337388
0.099875,-0.47933804637005567,-0.17931554855630225
0.1,0.07111170736383193,-0.008520707806013453
0.100125,0.3190214055559331,0.3405324863818929
0.10025,0.07790282554544356,-0.060278169101089296
0.100375,-0.0641864886698316,-0.49639212711969355
0.1005,-0.13183676033602673,-0.546541123923871
0.100625,-0.21050421714141143,-0.045846486165807575
0.10075,0.08547815406950854,0.28022063462501506
0.100875,0.5524215431210454,0.08425478873711692
0.101,0.5538029334557342,-0.2595110301285451
0.101125,-0.16875487626316246,-0.2075822790043285
0.10125,-0.2603426721580642,-0.08810256094245744
0.101375,-0.009874038337572976,-0.21768314629693183
0.1015,0.3759040590279297,0.22800204923435538
0.101625,0.16497179190782602,0.20126022522685827
0.10175,-0.11727283253710243,-0.17714686879687502
0.101875,-0.13050325599697157,-0.3284446566350239
0.102,-0.07128867523602975,0.10905185554419246
0.102125,0.07242509809463137,0.29309893571319034
0.10225,0.30049143840613446,0.08954863215304093
0.102375,0.324880297966015,-0.12693461467814643
0.1025,-0.3439562472971794,-0.07916793843632426
0.102625,-0.46882691448316954,-0.08519812506301579
0.10275,0.058095783635553885,0.06900389462614909
0.102875,0.5361090348256359,0.5904706605787633
0.103,0.2772065414214293,0.5866963023165689
0.103125,-0.17834831049289562,-0.014571480283858238
0.10325,-0.2900756952553126,-0.43560445824537825
0.103375,-0.015359900405558588,0.09472754252162836
0.1035,0.046882949529415505,0.19369919968141422
0.103625,0.23846810835023383,0.08749350805921832
0.10375,0.2307254685698322,-0.10141532097382257
0.103875,0.010227839677881954,-0.1393855223494744
0.104,-0.19907202856146639,-0.008816360815719099
0.104125,0.12175212986176702,0.007392720672135079
0.10425,0.5463819849640279,0.3151633103845398
0.104375,0.29667788106898574,0.23990498772873625
0.1045,-0.3107585348068114,-0.15384018826145157
0.104625,-0.36103548915490075,-0.4568726177427336
0.10475,-0.05470037975849775,0.020170184409545898
0.104875,0.06502409416150254,0.4479723222442523
0.105,0.03841019736288761,0.33300651433052786
0.105125,0.3844218339656664,-0.25634024422500423
0.10525,-0.0316097350491621,-0.15826346208149422
0.105375,-0.5871691022147671,-0.09640895863510604
0.1055,-0.1446065654143386,0.0593233512666547
0.105625,0.27827059443283253,0.13241854417574908
0.10575,0.20312543935117872,0.16963071470248198
0.105875,-0.3973027234666189,-0.08959885629140898
0.106,-0.449985607957004,-0.2588753284373492
0.106125,-0.33187056259609643,-0.004011958104243041
0.10625,0.04719308486404816,0.617191889873245
0.106375,0.3655074132254071,0.2253478984934961
0.1065,0.06039546873657034,-0.18548352647766475
0.106625,-0.23844207741741538,-0.3529656812906845
0.10675,-0.47189085797859204,0.029678980402297155
0.106875,-0.4418698254788306,0.1580691503988753
0.107,0.056119074427140675,0.07448859607815583
0.107125,0.13769758042466831,0.21500211580077766
0.10725,-0.43242340313304,-0.24092130097261108
0.107375,-0.3090446384196006,-0.436761161681857
0.1075,-0.035731430633277626,-0.04130172001310394
0.107625,0.08967397989147,0.4214536369660392
0.10775,-0.07371112255531108,0.11705947292194947
0.107875,0.11703402346086056,-0.2793328054166305
0.108,-0.021229940167023304,-0.3563383211959862
0.108125,-0.2551703385513137,-0.1198817036656066
0.10825,-0.2520828645629022,0.21503970872536687
0.108375,0.2356036725273817,0.2929860662342401
0.1085,0.383337299626667,0.28929675218989054
0.108625,0.11468415849679477,-0.1421611150058059
0.10875,0.04432659568551987,-0.4519048580494316
0.108875,-0.015749084037376522,-0.24112903200643293
0.109,0.12062141605232393,0.13171951211070443
0.109125,0.05406867863627287,0.11155434100092308
0.10925,0.14065844226194854,-0.2990019213542979
0.109375,0.08976172835374259,-0.3616050055937822
0.1095,-0.17879173442935345,0.03666714578915849
0.109625,-0.12257121191065856,0.08323895977741898
0.10975,0.18258201763487591,-0.25392006449264903
0.109875,0.586428840499437,0.004604163115506365
0.11,0.09442815640456728,0.13384018053944463
0.110125,-0.15791394873139614,-0.2715687136109022
0.11025,0.031235412968891155,-0.29520657744754514
0.110375,0.09103437155151739,0.06142303754091572
0.1105,0.001099307653225732,0.27626785691770217
0.110625,0.09319533366110716,0.16311008302242808
0.11075,0.055982871677535274,-0.014524414124768329
0.110875,-0.0016771776209707674,-0.020548296876915655
0.111,-0.32796083600157844,0.12387053542119751
0.111125,0.07454540264369193,0.08361107039742745
0.11125,0.3050506134086351,0.25819237609874257
0.111375,-0.0706304854756387,0.2524058074740069
0.1115,-0.36438942334636043,-0.061716279620717136
0.111625,-0.1582059028988619,-0.036039828341468384
0.11175,0.05480639092080304,0.3318778029637445
0.111875,0.005394461743536443,0.44302844601938624
0.112,0.2622407918547277,-0.03191051678903163
0.112125,0.14912195647794954,-0.18868818841660373
0.11225,-0.135411977956439,0.06599352280822972
0.112375,-0.19222783246235767,0.14381111886344766
0.1125,0.3278295197640914,0.10653026794342785
0.112625,0.4448742091656604,0.28224962255938896
0.11275,0.11435027059771928,0.09954811750750218
0.112875,-0.3469075237560397,-0.15679874188151596
0.113,-0.18035532471739463,-0.16097470000515182
0.113125,-0.0710875930738097,0.21502290054111065
0.11325,0.0734501275275589,0.36804534903114694
0.113375,0.14703485269662936,-0.005688353592420603
0.1135,-0.004056969316460299,-0.34970592401468226
0.113625,-0.025240368764524714,-0.09257828274665837
0.11375,-0.16911716952207728,0.12751632560522813
0.113875,0.08084308125408403,0.08128909909908888
0.114,0.20692282738287177,0.2916720418081675
0.114125,-0.034213779820016,0.09803977253149947
0.11425,-0.23902403175524492,-0.19024055951870864
0.114375,-0.18007647331675355,-0.23335198695835477
0.1145,0.23767234569677506,0.17722030331783536
0.114625,0.15930002283730496,0.49184453392127236
0.11475,0.21025898697800302,0.03951291767883758
0.114875,0.02163290740729766,-0.39998905530985635
0.115,-0.385629840482978,-0.1972878841602713
0.115125,-0.3307710848871708,-0.1383181140546188
0.11525,0.06341069182894558,0.018732047594384692
0.115375,0.25215770813505006,-0.0941557736344234
0.1155,-0.10390697885433947,-0.10996813667999547
0.115625,-0.6605352965771408,-0.07933394715288315
0.11575,-0.5475904456402457,-0.21713157140108505
0.115875,-0.2150492964185415,-0.02403758035672228
0.116,-0.02746410204201988,0.1615579617311553
0.116125,-0.23034530612553764,0.057882832621750965
0.11625,-0.12023498489671926,-0.1061198335354021
0.116375,-0.16126547628295362,-0.10125453644748894
0.1165,-0.19417865507592263,0.15714074968163413
0.116625,0.15236593099903134,0.18377219852356913
0.11675,0.4099620120351146,-0.025871567926950164
0.116875,0.18484756723489143,-0.05806937007288126
0.117,-0.07132949011522016,-0.3503742006891084
0.117125,-0.07182841787173391,-0.35652429934864094
0.11725,0.3164456698561094,-0.08437925708331456
0.117375,0.4297937161479023,0.24241211363407084
0.1175,0.13489887874608247,-0.07714740084317828
0.117625,0.0836512035958768,-0.5419425207718607
0.11775,-0.06293918759348031,-0.6035254699640193
0.117875,0.02931544477599006,-0.06895685577331379
0.118,0.02866845936804645,-0.04211526313564839
0.118125,0.4902776181959575,-0.10127427503963186
0.11825,0.194136703081863,-0.1264529345822108
0.118375,0.12633028671375504,-0.01594640581805034
0.1185,-0.19365050375184423,0.05493608835491393
0.118625,0.2196119643638623,0.16903292180570859
0.11875,0.5074809643360917,0.4068903353954978
0.118875,0.18993254866324974,0.09311111656032145
0.119,0.07870350316810296,-0.05071659682198853
0.119125,0.16408876871321149,-0.091863503136548
0.11925,0.14090681986937803,0.16855698260807633
0.119375,0.3157072481637593,0.30027795912428856
0.1195,0.4505911129082987,0.11618526196978461
0.119625,0.23928942453252738,-0.09534077645966457
0.11975,-0.483630072737242,0.10277430803363159
0.119875,-0.1805575265051026,-0.08341976940905373
0.12,0.12202679743723042,0.11550710470043456
0.120125,0.4948495636458023,0.21503583024660752
0.12025,-0.04912440810715889,0.3477800797860634
0.120375,-0.23479862395201503,0.0873975987836521
0.1205,-0.07639935668134346,-0.22102390440514913
0.120625,-0.2360020636704345,0.1667498717455617
0.12075,-0.03758352303468423,0.35118396486702014
0.120875,0.32525149781342855,0.07403112984314221
0.121,0.3563130311878565,-0.05544245406971234
0.121125,-0.0957863074394964,0.09105876843415835
0.12125,-0.2796790147913698,0.0434151752606776
0.121375,-0.2889770349357407,0.2546022045935525
0.1215,0.12394926472127532,0.3024051691907551
0.121625,0.07067750310802992,0.2962885129153817
0.12175,-0.33576249864514035,-0.02780992689030655
0.121875,-0.20295466940337542,-0.22648438479783317
0.122,-0.034210340832124125,0.15548995360891402
0.122125,-0.009106775606600476,0.3816317723964461
0.12225,0.1214694841420509,-0.05393285998033811
0.122375,0.26223649261189125,-0.18031854850324813
0.1225,-0.2784446793565847,-0.18388394168906033
0.122625,-0.3525886789170019,-0.18649767354733793
0.12275,-0.1027559147386683,-0.012130457199243612
0.122875,0.2149497839218952,0.19924150531159435
0.123,0.2366425249106461,0.34770713437061557
0.123125,-0.228502177299892,-0.15603996488585417
0.12325,-0.37323611132494133,-0.24345495810611
0.123375,-0.16311843396228062,-0.08209534890183193
0.1235,-0.004203430121527933,0.08457198189978005
0.123625,0.062216575983129296,-0.026918761588510698
0.12375,0.10864558728199558,-0.0820847286917571
0.123875,-0.4306174365488217,-0.1224626941076649
0.124,-0.3534033821566305,0.022542044272139482
0.124125,-0.24259524776373284,-0.046175123451591145
0.12425,0.05808673797014251,0.11725662724215714
0.124375,0.061886052641425916,0.06690851582333505
0.1245,-0.29428989195339333,-0.043358422066366115
0.124625,-0.19752897136317588,-0.1667245147945972
0.12475,-0.09452630869313632,0.03364411968699547
0.124875,0.046575871656139925,0.2831594631627632
0.125,0.04366172604417316,0.06653419314745024
0.125125,0.19143392946707255,-0.209798439630548
0.12525,-0.11020847360823224,-0.32514705476201644
0.125375,-0.32261442606294843,0.0568586594509058
0.1255,0.07022537533077246,-0.09438660788343821
0.125625,0.4385606891375519,0.029654989425578634
0.12575,0.4488038019020786,-0.007414063960149746
0.125875,-0.19413320906366663,-0.3372518039493384
0.126,-0.11426682423604173,-0.5487768329087033
0.126125,0.23804077066108664,-0.19878148518312727
0.12625,0.31484017336560804,0.24167698583673541
0.126375,0.3965642434782343,-0.052925348164999934
0.1265,0.41778087084539733,-0.41588855944212927
0.126625,0.36617692713027483,-0.02417936068112282
0.12675,-0.009700084664897766,-0.11235619812177851
0.126875,-0.026111350044205565,0.004087967391641595
0.127,0.415839903903909,0.044047299028593306
0.127125,0.26147638016250035,-0.10056128839149349
0.12725,0.028388333634763365,-0.17740334870639687
0.127375,-0.10729583204030686,-0.23392957103156067
0.1275,0.04169163943012809,0.03503975677627953
0.127625,0.044330272965714054,0.4997188934779847
0.12775,0.2126519552012137,0.3764563472919467
0.127875,0.11887356164519852,0.013322110964637854
0.128,-0.1963119067781572,-0.16636857661802643
0.128125,-0.3165575002870327,0.11600113048933508
0.12825,-0.10103790692938289,0.2827628433579705
0.128375,0.28656232029516604,0.4435998601077691
0.1285,0.48124804551685085,0.35678517318674663
0.128625,-0.1595224183261545,0.21836248328546193
0.12875,-0.16454520184815452,-0.1685952674255964
0.128875,-0.09227466396740122,0.02891247255663209
0.129,0.04376052935304123,0.3678813984573591
0.129125,-0.07722114559032596,0.3197618978012669
0.12925,0.011752436781998978,-0.06207227547604303
0.129375,0.0711185893510072,-0.17463544795708527
0.1295,-0.3082144451346456,-0.03601628127233986
0.129625,-0.11539256143990263,-0.06468646983496354
0.12975,0.44018502651063657,0.18306394664185274
0.129875,0.5152643262136383,0.12235027600087203
0.13,-0.08649530937966877,-0.06215577152611909
0.130125,-0.3153862172473551,-0.2512582162593881
0.13025,-0.03844587735829263,-0.18554928261922438
0.130375,0.10826554110406221,0.21778494446486182
0.1305,-0.10033399099171353,0.15081865778613412
0.130625,0.09833870786013882,-0.15729797549443167
0.13075,-0.06659633746049701,-0.2648348329201647
0.130875,-0.2369803675224104,-0.13373775590429468
0.131,-0.061433131021613054,0.14187220579998777
0.131125,0.048994774190084606,0.05789740976636197
0.13125,0.15636175329245366,-0.09191825014352042
0.131375,-0.005213693561831307,-0.0776562232971806
0.1315,-0.2112566515004683,-0.13830023603506772
0.131625,-0.18236372382375662,-0.3052414770508022
0.13175,-0.06960574436418848,0.20066877733153043
0.131875,-0.11464254795892709,0.27395871961542534
0.132,-0.01578855208933344,0.04790509955406068
0.132125,-0.18945418166470568,-0.12313123065803208
0.13225,-0.27238655833952496,-0.05226891428732497
0.132375,-0.254957169350674,0.18568008817020118
0.1325,-0.07022689257560967,0.09276356084378978
0.132625,0.2901037781893352,0.0976402921778281
0.13275,-0.175046892609386,-0.04316524132329593
0.132875,-0.4313916195429426,-0.16817158916482564
0.133,-0.3133931562564162,-0.1550610247177211
0.133125,0.032338714179560024,0.04826652148709824
0.13325,0.1630730113995508,0.18263120535034297
0.133375,0.13801974221604701,-0.0677040255908834
0.1335,0.10859107381202733,-0.17816761555555574
0.133625,-0.011117045492625348,-0.042071696074970924
0.13375,-0.13173461894069416,0.013740231999601931
0.133875,0.4594104287888319,-0.08388153471979379
0.134,0.4613988756593702,-0.10454168876343299
0.134125,-0.11744576602699319,-0.19437793123007244
0.13425,-0.293080246863414,-0.24109671277480094
0.134375,-0.17581670926672238,-0.29599023103404104
0.1345,0.2346147214607207,0.24260952999157506
0.134625,0.3383850300923089,0.18227442621086992
0.13475,0.37481543090175257,-0.04992036339790088
0.134875,0.2427075808053883,-0.39437602492718693
0.135,0.04357941281783947,-0.2717902484529154
0.135125,-0.20777750561235273,-6.669142537906623e-07
0.13525,0.03903270418663833,0.08085640984986468
0.135375,0.3066713593041326,0.20713463330297774
0.1355,0.3044672739398599,0.035458322230636025
0.135625,-0.2289478587620429,-0.03963963574148741
0.13575,-0.06087939117588051,-0.16209471208465384
0.135875,0.01714047318785375,0.26984823972992716
0.136,0.23589407519108135,0.37965496698031087
0.136125,0.337882825232264,-0.03919332617084287
0.13625,0.12025820663862331,-0.2542719600748261
0.136375,0.2074360008809065,0.03270714810057604
0.1365,-0.0996977499073606,0.11432472306776022
0.136625,-0.05732050352124609,0.3383888770535194
0.13675,0.14788093881243733,0.21162391055362575
0.136875,0.1731775910383842,0.29360363024302927
0.137,-0.05179601078785769,0.02148061600012552
0.137125,-0.02699414730997543,-0.08799920541553842
0.13725,0.23630108528002872,0.16398458104898495
0.137375,0.06413059234907266,0.37444304909006226
0.1375,-0.02686795923801629,0.30363527782502797
0.137625,-0.13924144709925765,-0.14167000136996194
0.13775,0.04777447109377703,-0.1099376465039794
0.137875,-0.3145971957484571,0.07264579607565731
0.138,-0.2490510661549346,0.25048183880890823
0.138125,0.04304681232888001,0.10195089980891946
0.13825,-0.03594868027536824,0.040259804713430054
0.138375,-0.19040986469887064,0.2418170920986592
0.1385,-0.19917182615671403,0.06721452781738259
0.138625,-0.04672893262815734,-0.10603733300132899
0.13875,0.1524314537539399,0.13737916818777274
0.138875,0.05221178158947633,0.06276520658423689
0.139,0.24326045298815446,-0.017902719253176776
0.139125,-0.23844731866822583,-0.06840906829023305
0.13925,-0.2799859020863,0.15710699914380574
0.139375,-0.12404538440222608,0.11672106232530584
0.1395,0.22026107723994054,-0.3111577607986386
0.139625,0.15775837470250453,-0.1445552177852666
0.13975,-0.11852217078631887,-0.06616413330889497
0.139875,-0.27932904343722575,-0.030062525573177897
0.14,-0.04097655968952703,-0.17085401192135685
0.140125,0.09374388217964817,0.21470683358299014
0.14025,-0.2517327224227688,0.11139244506896522
0.140375,-0.4978092717913621,-0.22715833344599562
0.1405,-0.6214023274303984,-0.08118149511348034
0.140625,-0.4880704696353718,0.11155089797214561
0.14075,-0.22333692707103495,0.24910896351949033
0.140875,0.23073963422779842,-0.09067977085807594
0.141,0.29684331294788113,0.019320984928350462
0.141125,-0.19882185171408456,-0.13981267591554583
0.14125,-0.29103882193646646,-0.13076156397462738
0.141375,-0.16077695578620368,-0.15534770479238932
0.1415,0.2976620692505799,0.19738369884919071
0.141625,0.2968599191871971,0.11213498406558822
0.14175,-0.16717228658865826,-0.18832356300744077
0.141875,-0.3070646012438601,-0.35605942317296674
0.142,-0.25134088193668613,-0.04175852338009024
0.142125,-0.03946537960238137,0.2545720105779503
0.14225,0.44300419851198697,-0.16416739872592281
0.142375,0.30249298647008516,-0.2698960969061915
0.1425,0.07279983142451028,-0.5423693626713337
0.142625,-0.05570929888191289,-0.4105662539291268
0.14275,0.06349754538389897,-0.24536901405166542
0.142875,0.2140180972722294,0.22201653001458943
0.143,0.10157850480026377,0.332167128018921
0.143125,-0.05712290092220234,-0.2118141914839567
0.14325,0.05457652454448859,-0.39677067676570554
0.143375,0.4212353937410287,-0.0982941054113698
0.1435,0.4753538911522508,0.28869127088857216
0.143625,0.2773198079150843,-0.04297742934526507
0.14375,0.3257315276767284,-0.07431158992950514
0.143875,0.11080970771096701,-0.23262624266061996
0.144,-0.32301148740930347,-0.08550430546815871
0.144125,-0.0892101407221629,0.08432631554245053
0.14425,0.18708737525887037,0.30656034754108796
0.144375,0.21361099169297515,0.3792423433670307
0.1445,0.1094613842715765,-0.02950253392774154
0.144625,0.1410971783600911,-0.016586593924451266
0.14475,-0.10050291912975802,0.23963529033096032
0.144875,0.02220536494937557,0.2911127112870672
0.145,0.21748271556603715,0.1929907096774124
0.145125,0.33633800548431486,-0.008319540425411208
0.14525,0.00035860624001987466,0.020520329800329026
0.145375,-0.5047024951297002,0.2169049560032453
0.1455,-0.3167981018983882,0.1140636911965468
0.145625,-0.033219483835143955,0.3948986938789289
0.14575,0.03448853000361513,0.37396937830372934
0.145875,-0.2437984426377491,0.06135473517047612
0.146,-0.19624967339757363,-0.338507189242972
0.146125,0.16489912178565536,-0.12781210812130364
0.14625,0.1331518753538681,0.12585307156791825
0.146375,0.16453813181326984,0.20353419479984095
0.1465,0.20726278582013705,0.1526767709136036
0.146625,-0.2772484966120816,0.11887428526138195
0.14675,-0.6012093889578749,0.008923718043237197
0.146875,-0.19636087174580413,0.024403910977120382
0.147,0.1041919791939494,0.18922077417661756
0.147125,0.39511825199509953,0.33377221276942504
0.14725,-0.2502603361475644,-0.08731273303982588
0.147375,-0.36269491554507277,-0.37402340270134893
0.1475,-0.05708020897264937,-0.27834114346980177
0.147625,0.028940594677409035,-0.022157722123059845
0.14775,0.12607584892250898,0.17248277289806563
0.147875,0.15571792465301773,-0.046204303153904135
0.148,0.06438616845259032,-0.010343325213867547
0.148125,-0.297875271785043,-0.11036289073509861
0.14825,-0.19605362600727094,0.2437118929667905
0.148375,0.18115374258743064,0.13690825602666062
0.1485,0.10283035851064627,0.12571475409654811
0.148625,-0.1910125377039841,-0.38170526231141605
0.14875,-0.3081188017636966,-0.41965443802740443
0.148875,-0.125050265431089,-0.10571203863328207
0.149,-0.1112980497769675,0.08034938514788977
0.149125,-0.0427895924697557,0.23465755588557932
0.14925,-0.15735905580318013,-0.05536589318375932
0.149375,-0.235607000708926,-0.22273120629785736
0.1495,-0.3759269689729071,-0.03376968633877462
0.149625,-0.2091632623388974,0.1467486690200631
0.14975,0.2863409383541985,0.02373360557521555
0.149875,0.2743684230049575,0.06807381584200484
0.15,-0.1089473830825273,0.15395381770715436
0.150125,-0.2881812332665177,-0.3528632091701797
0.15025,0.06067235675525566,-0.2162321185802022
0.150375,0.2428973046592536,0.1510104628324458
0.1505,0.19450164134479128,0.08760681147661514
0.150625,0.30517276813436583,-0.2915407682638796
0.15075,0.13457581804870747,-0.39356447362254554
0.150875,-0.23121107839658436,-0.11214318891747199
0.151,-0.16157950680478012,-0.08729183307655516
0.151125,0.3716615256482936,-0.09967787432680572
0.15125,0.4574004349912068,-0.2313239697149042
0.151375,0.44934761390574457,-0.3243344737894956
0.1515,0.008873255504681921,-0.2144042331303178
0.151625,0.0128970635385888,-0.24497215066566477
0.15175,0.22350717168032402,0.2233064797023126
0.151875,0.14263593707501968,0.29231380911301247
0.152,0.05089305961652524,-0.1830162550285721
0.152125,0.09709610375697604,-0.04796938917444145
0.15225,-0.017074570325861935,0.007943332716335608
0.152375,-0.23346748440089388,0.17526219553119649
0.1525,-0.011451525614277624,0.1883851422293617
0.152625,-0.04403844873442826,0.19873114198289546
0.15275,-0.14047593492352758,0.25862110545731176
0.152875,-0.24599921533140534,-0.11145159537582122
0.153,-0.11011095320679634,-0.1248392514867456
0.153125,0.24983400073534706,0.27123810031002943
0.15325,0.027768148845002665,0.36736409346106375
0.153375,-0.008317583314390614,0.23655049125430389
0.1535,0.028219977557323906,0.08195847770304208
0.153625,-0.17786179458844362,0.06795951271955566
0.15375,-0.32321658079736504,0.17103114054619084
0.153875,0.23451089790849955,0.28268391121460273
0.154,0.37629682095818984,0.11221146795662473
0.154125,0.07661649570382983,0.15003978381518338
0.15425,-0.18272996081150572,-0.08452957972104902
0.154375,-0.15639455554814807,-0.26055423971250957
0.1545,0.1604287240778736,-0.18576643482310923
0.154625,0.08513227618652824,0.02500767448796315
0.15475,0.015754412232446825,-0.06915178631126583
0.154875,0.08937840296547886,-0.10564125640051805
0.155,0.025900077134459142,-0.09505239908795457
0.155125,-0.16883941598820998,0.20734903526695525
0.15525,0.058943285178502496,-0.03742016119449377
0.155375,0.44045351084350104,-0.12001871181420916
0.1555,0.16904316306579995,0.06488655224658785
0.155625,-0.3787684993418319,0.08620280689091762
0.15575,-0.40874027311834943,-0.27516226108094227
0.155875,0.26891139629225314,0.19151617200566318
0.156,0.44472901915356483,0.3762045400107282
0.156125,0.21101657895774376,-0.003200816128703543
0.15625,-0.04109428277377306,-0.3786438634801985
0.156375,-0.3012376906502959,-0.22859919158988842
0.1565,-0.29707244061834076,-0.02201368456559107
0.156625,-0.11651351669993387,0.11412087817455366
0.15675,0.06774109453129347,-0.08011981426618137
0.156875,0.07545580952429769,0.03638679182172398
0.157,-0.5279323579295502,-0.005638342361828572
0.157125,-0.37443227509196936,-0.11932849367578495
0.15725,0.10595477944686874,0.21083042877201877
0.157375,0.17532983037613672,0.28147389356342256
0.1575,-0.2128910446754671,-0.015408178518616937
0.157625,-0.3698810542690325,-0.43645248997004776
0.15775,-0.40998313282239,-0.3264927016796834
0.157875,0.007474351786997646,0.012597595632796428
0.158,0.2173186702368791,0.27480485688314293
0.158125,0.4601211310949865,0.14535058422240496
0.15825,-0.02542624986308355,-0.003457119646724071
0.158375,-0.35074928728128896,-0.20590528539219322
0.1585,-0.17165442966362882,-0.36437598959096884
0.158625,0.3472191533310668,-0.018675455788877367
0.15875,0.44375987524410393,0.23875293605915957
0.158875,0.07742689058494358,0.015029506518389855
0.159,0.06420159489965756,-0.3704880343953186
0.159125,0.2297086567072456,-0.2605937704188631
0.15925,0.16914015385496367,-0.045955646987213265
0.159375,0.1573592137258707,-0.02920365719484146
0.1595,0.3231664150226954,-0.025066819652741112
0.159625,0.22211760456441693,-0.35777392310663164
0.15975,0.03287285706304543,-0.32410223322703935
0.159875,0.11174689401334956,-0.1252954186391166
0.16,0.32100126666188084,0.06853957801232136
0.160125,0.4593566023348612,0.2689563284905029
0.16025,0.14814631975022452,0.035901794951025676
0.160375,-0.1329406332409197,-0.3242045630243312
0.1605,-0.016217385804630242,-0.272265643383629
0.160625,-0.01956236032551426,0.20063378986402455
0.16075,0.05236549743591065,0.42023194003265474
0.160875,0.14034748218422427,0.14050881020508987
0.161,0.1939571709683831,-0.1172147756137519
0.161125,0.013446901858386139,0.26107229577229435
0.16125,-0.27602538722882347,0.18914791451958185
0.161375,-0.024629667194763106,0.069879279065215
0.1615,0.19919509434139998,0.18923818295442174
0.161625,0.07887934142912378,0.25631018952647266
0.16175,-0.09260268582344736,-0.07531455555512097
0.161875,0.0716788409095418,0.0015390816962607774
0.162,0.0009144615375293555,0.11763548104856378
0.162125,0.01581152292141902,0.26610144543729597
0.16225,0.033487167625769,0.25293756194432887
0.162375,0.1688968366321341,0.07217152700984653
0.1625,-0.27265341835518364,0.09938808902954809
0.162625,-0.2294887425143424,-0.0363029287463007
0.16275,0.03247636756965172,0.13067822203411913
0.162875,0.2457626211388043,0.1822778352637477
0.163,0.16402669374347428,0.03356340681704879
0.163125,-0.18576334671670555,-0.10167446605927084
0.16325,-0.25224941913569293,-0.1307956818444609
0.163375,-0.12304348417255215,0.009329599385126418
0.1635,0.038767861642789246,0.09426963125374081
0.163625,0.12032253175485608,0.03539018142764869
0.16375,0.18585170030343687,-0.06154127778049958
0.163875,-0.0497276456132555,0.0294824688578814
0.164,-0.33517915153268696,-0.023833859563696613
0.164125,-0.010844809809248474,-0.1862172280762816
0.16425,0.29069763653604086,0.054013826847065335
0.164375,0.3024914022317669,0.011495534882875882
0.1645,-0.2550540111004951,-0.12267658778455988
0.164625,-0.2264533591862768,-0.26332020384807414
0.16475,-0.1944656795969655,-0.0001711211343729798
0.164875,-0.05334428577482667,0.24715601246834729
0.165,0.02814335829405975,0.13659353783275724
0.165125,-0.10108406590422313,-0.2769530318402857
0.16525,-0.37130912636970015,-0.19806865952235864
0.165375,-0.6157263874364475,-0.13614529729576885
0.1655,-0.20641345072478567,0.0689340833450213
0.165625,0.17640488040550678,0.04121261780824056
0.16575,0.06482132257501778,0.16690709966829992
0.165875,-0.22624669544798173,0.05282993490639251
0.166,-0.33976268681529026,-0.11538647386844847
0.166125,-0.22164202939352126,0.010773242611839803
0.16625,-0.024931038529913345,0.33383374269748234
0.166375,0.029352180271692032,0.2650785785040468
0.1665,0.049607854470412716,-0.07095303726037767
0.166625,0.03461221263995701,-0.20767009311477702
0.16675,-0.22507883819878316,-0.08843295368968292
0.166875,-0.4046802382967582,-0.16495153487182207
0.167,0.08209499736069202,-0.08056316299682265
0.167125,0.2757896073753844,-0.0011090343474637985
0.16725,-0.07076295089023611,-0.17223854243692557
0.167375,0.052759994786312533,-0.4959031431795872
0.1675,0.2432908824526174,-0.27588864046267025
0.167625,0.21796694188012258,0.14535138137157094
0.16775,0.25623562628626434,-0.02181976659588988
0.167875,0.4190942052581639,-0.24755864458403745
0.168,0.2655376506975109,-0.24228486572561136
0.168125,0.02450311751631895,-0.08574341788665106
0.16825,-0.07709077789917645,0.012715002407464558
0.168375,0.30325020814378595,0.0024788011582140552
0.1685,0.3683906825931716,0.10790610730880719
0.168625,0.06181463310386176,-0.14278003714549362
0.16875,-0.13270225342313816,-0.3696672527306105
0.168875,0.04675891569146436,-0.1452706204876601
0.169,0.0816451920000557,0.17606338710899688
0.169125,0.030447602044686547,0.2875673263145898
0.16925,-0.14199496491219066,0.1242063451416472
0.169375,0.01674219189774527,0.0474364182402381
0.1695,-0.004766558507478943,0.20306729398988388
0.169625,-0.433931285319567,0.08205813781256896
0.16975,0.2162476273275287,0.3078940036072143
0.169875,0.30452451995657603,0.35820725964441436
0.17,0.08220464331934815,0.18137564303532694
0.170125,-0.16502791098527786,0.031446240994686826
0.17025,-0.02031442044118439,-0.050216633388194536
0.170375,0.09473963173883569,0.252657650537279
0.1705,0.14818931479310835,0.34571761946040463
0.170625,0.2436308312763327,-0.11984090804261913
0.17075,-0.03008532143229563,-0.09915963098513057
0.170875,-0.28954582134793644,-0.0652565206648405
0.171,-0.4511331764950581,0.11567709579665734
0.171125,0.07131461026088341,-0.007617944279558028
0.17125,0.23466835828079907,0.06873331140635555
0.171375,-0.12390144705038708,-0.0295831147993598
0.1715,-0.34129507778623586,-0.12494034145508279
0.171625,-0.0968712688795449,-0.035104697275946437
0.17175,0.07527180151277979,0.149897698024259
0.171875,0.08712795920148542,0.2706935081340759
0.172,-0.24799107474460783,0.023768220340971383
0.172125,-0.21164130561978922,-0.16909085766359552
0.17225,-0.23857196253393706,-0.05431791270588322
0.172375,-0.12915246170863745,0.0944030543857685
0.1725,0.23347253699839685,-0.046864752565683496
0.172625,0.5131737104953263,0.15958069337016959
0.17275,0.22066453740791506,0.14173307751705502
0.172875,-0.1653134760625026,-0.25930834467939706
0.173,-0.24060126948499724,-0.3824861958721721
0.173125,0.05377784653950465,0.0005883865027217575
0.17325,-0.1334845344729521,0.07474554603085004
0.173375,-0.413887416585094,-0.11442050602009182
0.1735,-0.33401637326871136,-0.29706687944668997
0.173625,-0.10398282495708579,-0.11618538605140151
0.17375,-0.12669659747151835,0.06173340259104352
0.173875,0.0064740443941267555,0.0908685055200474
0.174,0.21548058107320853,-0.028634515340509648
0.174125,-0.08755909310276494,-0.14885455031198694
0.17425,-0.45982239328909474,-0.021268134843124818
0.174375,-0.3861308503884669,-0.0478747372041363
0.1745,-0.2192291492794034,0.3729782589996725
0.174625,-0.10599908404958953,0.5158704969030757
0.17475,0.038933230939816675,0.1766855128348121
0.174875,0.14942143657284215,-0.2421906189526763
0.175,0.08645079509139339,-0.00965923350866057
0.175125,0.04020730265424608,-0.09448861697232624
0.17525,0.055639605617535615,-0.20545758839557965
0.175375,0.37088650607357504,-0.4148298612417992
0.1755,0.062258091816165435,-0.29142611417598124
0.175625,-0.25776464683605815,-0.07543122083988643
0.17575,-0.12189623874348733,-0.13345683182145054
0.175875,0.12506561750111203,0.06046945124990437
0.176,0.22797896409920534,0.29868688399024584
0.176125,0.0862838548235419,-0.04108815721289801
0.17625,0.09010084845611316,-0.31417329513986536
0.176375,0.10091556164351935,-0.42229616672408415
0.1765,-0.051596579763281525,-0.24070876184185472
0.176625,0.27978676787896994,-0.18485972210961288
0.17675,0.37540483039790495,0.00209519256541106
0.176875,0.11463940725500064,0.1493448191347639
0.177,-0.1811044145258361,-0.10289134521576992
0.177125,-0.13634622230275836,0.18032834004089432
0.17725,0.44502190726880664,0.027670531045369477
0.177375,0.5300364776988559,0.24168636771348984
0.1775,0.10352766435673287,-0.03460979332992506
0.177625,0.0037262834810855116,-0.3155826152482511
0.17775,-0.1606963860121986,-0.14742544445466033
0.177875,-0.1982551911018245,0.10124408341328929
0.178,0.08950286253082197,0.07141201954257072
0.178125,0.33134088646783505,0.1486746625653914
0.17825,0.10501190102419407,-0.028091945243872336
0.178375,-0.1773085410843843,-0.12190200493415548
0.1785,-0.24217649834639923,-0.06572052242854476
0.178625,0.17845003491500783,0.14542708373392885
0.17875,0.29849816584636196,0.43485220356462917
0.178875,0.06612142073432148,0.14748854897012406
0.179,-0.019555026429747224,-0.17330675143952926
0.179125,-0.1377706212207195,-0.06041754820336544
0.17925,-0.20144323073560505,0.40929285566117013
0.179375,-0.11913320424276394,0.47266241897172695
0.1795,0.33705565060219483,0.23275549034203763
0.179625,0.027509014508195186,0.08029054978574798
0.17975,-0.25872646974484,-0.17486448463822493
0.179875,-0.3314251924255388,-0.09101798638625502
0.18,0.09886488539834386,-0.14056658484577322
0.180125,0.3935486305754457,0.34524411119571213
0.18025,0.21058435548202478,0.26296877587358786
0.180375,-0.16193726823051735,-0.15731810577965055
0.1805,-0.2205147968158312,-0.2641123713628034
0.180625,-0.10598390915460695,0.16045406093410278
0.18075,0.09583995306216775,0.28754403324080974
0.180875,0.07727999985740058,0.09377094793532832
0.181,0.1363709838151079,-0.09415479859211552
0.181125,-0.3974161986860169,-0.20838251532437224
0.18125,-0.4675873930991164,-0.14016522685192248
0.181375,-0.03950990019200111,0.06228354776335347
0.1815,0.3694634123933885,0.05814305843594991
0.181625,0.10105126816658273,0.03630562354259643
0.18175,-0.0009869338745906813,-0.22903908319031596
0.181875,-0.1870946504740108,-0.38072770111442567
0.182,-0.16249984865598655,0.03165809744220177
0.182125,-0.14066978503414695,0.1692274658569831
0.18225,-0.0088670764295213,0.10839352844815996
0.182375,-0.03524169232881806,-0.2268112897120783
0.1825,-0.10663937042435151,-0.28928049143659273
0.182625,-0.5877920622402321,-0.2294773868837109
0.18275,-0.17986271155828987,0.007610726692589285
0.182875,0.2928239577872649,0.10098160936117492
0.183,0.004909303777438935,-0.04009084021892737
0.183125,-0.1223477758834466,-0.15216640085194852
0.18325,-0.08044296803916202,-0.46067188713885826
0.183375,-0.09728976288729319,-0.03190982846636991
0.1835,0.05572264751894877,0.3136184236270265
0.183625,0.15163730401209186,-0.017435408450271327
0.18375,0.2689957555531955,-0.05367043298980289
0.183875,0.14878164315716821,-0.0724971929326358
0.184,-0.23289377444114326,-0.17676768608122576
0.184125,0.006899023116333287,-0.23348266101960993
0.18425,0.5020861897757319,0.03034457939777484
0.184375,0.2576170330212666,0.03368584694214711
0.1845,0.11192357964598329,-0.3132519589678056
0.184625,0.08973665701994629,-0.4503682392019307
0.18475,0.07688722397549726,-0.20171941606180294
0.184875,0.135292249801966,0.17028115305885247
0.185,0.32119831245613367,0.12497001679639758
0.185125,0.2921684986707455,-0.18584621954676575
0.18525,-0.1028744342526252,-0.29634948697456037
0.185375,-0.3584512080467726,0.03261007374689121
0.1855,-0.18914872465249677,-0.0764301374106927
0.185625,0.4513118475124794,0.24171282961042426
0.18575,0.07076556033408932,0.288215138963595
0.185875,-0.13084101344797452,0.06012432060827682
0.186,-0.2818500598295313,-0.2300538849398773
0.186125,0.08157056041354396,-0.10498281937904469
0.18625,0.12365483788082318,0.28514754473278003
0.186375,0.12162948917318232,0.33243178892108527
0.1865,0.2304257945973727,0.2585962947585911
0.186625,0.09215650343832872,0.16330051557700956
0.18675,-0.22692926330772342,0.1470206742654363
0.186875,-0.1560003345532315,0.17903367320818386
0.187,0.4846583069858224,0.3499788398588023
0.187125,0.4151947568855499,0.2484073935614382
0.18725,-0.12335973824105093,0.07196776283011719
0.187375,-0.2941541296994529,-0.47731883833616057
0.1875,-0.05258918491591925,-0.161876756639147
0.187625,-0.03299621561261171,0.22199397956269157
0.18775,0.0490540559380697,0.15028079701623273
0.187875,0.2612742427704517,-0.06867386702440847
0.188,0.11576953545573428,-0.23732649592025365
0.188125,-0.3554425642460017,0.08298208516035313
0.18825,-0.3235504849366552,0.02414894306649489
0.188375,0.3092961338305646,0.09320196037941786
0.1885,0.35428512799386164,0.419116983920297
0.188625,-0.10651697942539841,0.18140299776681632
0.18875,-0.33904948063608004,-0.19943073349925125
0.188875,-0.3271771399660375,-0.021355460212695822
0.189,0.05378943748524161,0.2546129326367319
0.189125,-0.20116435653485415,0.5201337108528145
0.18925,0.283579920859511,-0.17100605453434178
0.189375,0.09216348341966185,-0.21854953702949512
0.1895,-0.34540498143122594,-0.15140070441236989
0.189625,-0.21135487342897238,-0.02359283711291395
0.18975,0.01814383486008802,0.12673634442969497
0.189875,0.22428165736649117,0.22517015916042707
0.19,-0.03499510083428061,0.10896291539277231
0.190125,-0.3759147417226955,-0.22900189774402152
0.19025,-0.12562823779115648,-0.15096849145911015
0.190375,-0.26573663138150433,-0.02764804851914061
0.1905,-0.14083220688477044,0.33322051421362797
0.190625,-0.3432790014131732,-0.040792898314479395
0.19075,-0.12344758788124684,-0.21530072343811907
0.190875,-0.40695876959987387,-0.13250156722455214
0.191,-0.12951448784222233,-0.21508506911571737
0.191125,0.3647087500945445,0.05576683572776279
0.19125,0.2529200295195285,0.21579810950061032
0.191375,-0.20253294484994064,0.1641594956000621
0.1915,-0.36053014275585404,-0.12666771511452915
0.191625,-0.06617807317387121,-0.33890494727462134
0.19175,0.269484803813007,0.20946754803864867
0.191875,0.30710320385690065,0.18195460835569366
0.192,0.2935298313697086,-0.010944882232627991
0.192125,0.17122348208806085,-0.43269786419077827
0.19225,-0.1718829900180317,-0.2836916231172789
0.192375,-0.11807275979046115,-0.11438208244063575
0.1925,0.2572350657419208,-0.30052899894992985
0.192625,0.5931701176840695,-0.20914508278522845
0.19275,0.2655177236188283,-0.22540795017379792
0.192875,-0.5012184700571889,-0.3377523663732489
0.193,-0.11909191173400055,0.014618734257058138
0.193125,0.14863526468637622,0.16081293699077864
0.19325,0.3606662301765434,0.44681622447980246
0.193375,0.2762653901506375,-0.10164259460693005
0.1935,0.1375960820511247,-0.3339534351814861
0.193625,-0.11387669406801516,-0.03432812651004068
0.19375,-0.21294267812451623,0.26779286468966496
0.193875,0.2828178369695182,0.11874476358935374
0.194,0.4967226900623304,0.06798362833206327
0.194125,-0.12434769818526542,0.14757758516364308
0.19425,-0.42390854415882256,-0.16850232865796705
0.194375,-0.21604060628134575,-0.021485049917471345
0.1945,0.17641865615410024,0.29585338166519964
0.194625,0.32790817622558144,0.4609700977908498
0.19475,0.37810865370581115,0.06775951504403833
0.194875,0.06971468393982012,-0.21344710205289938
0.195,0.06666495874416993,-0.15916395557857455
0.195125,-0.26920655715226255,0.3002060997012948
0.19525,-0.009198627212859356,0.16041552302984097
0.195375,0.5711470873867026,0.15567337762433706
0.1955,0.1357308896853448,0.055527672867288276
0.195625,-0.4681162510125396,-0.1390382366143625
0.19575,-0.507207590054994,-0.2089409659469744
0.195875,0.13888849587371851,0.07628165616891072
0.196,0.10565361225726339,0.18462855621219249
0.196125,-0.046684244539997886,0.07922996278856052
0.19625,-0.026087092121248157,-0.25849765375553496
0.196375,-0.19292768605363803,-0.14005902056421232
0.1965,-0.08140165825362936,0.3059092596534933
0.196625,0.11421135383961789,0.18997986570015324
0.19675,0.28875742825109935,0.2963992754590397
0.196875,0.03223850575502376,0.09733293593359585
0.197,-0.4091359178614908,-0.26610078963893824
0.197125,-0.3534075928414615,-0.1218795255865566
0.19725,0.24746019357902846,0.09103576223008919
0.197375,0.386984028074135,0.4516328451140877
0.1975,0.1450455122920927,0.12573701980257126
0.197625,-0.3197049202089123,-0.22582940990560987
0.19775,-0.15535439593074019,-0.22750942360375237
0.197875,-0.15122367071911647,0.07213964075267444
0.198,-0.10014163248638566,0.2328400789855608
0.198125,0.21211168583650852,0.12465445730449924
0.19825,0.03223943698358935,-0.06790844097189133
0.198375,-0.3545600993574127,-0.13343729935496712
0.1985,-0.35990289641306733,-0.24477647023348373
0.198625,0.09914957621975,0.06578945520807969
0.19875,0.107030844676778,0.3634674352480667
0.198875,-0.27149308459860805,0.05210600566151698
0.199,-0.13107854037280656,-0.5458486365620239
0.199125,-0.30825342548180945,-0.33675913727691803
0.19925,-0.2401679194809906,0.0898978253126701
0.199375,0.013640525294332363,0.33967291917800824
0.1995,0.14097147955649864,-0.06267952103985738
0.199625,0.1545545820317905,-0.25401616048342124
0.19975,-0.47203576856545837,-0.144760594247885
0.199875,-0.3524021061777018,-0.10084971282914172
0.2,0.15400431240979082,0.08915341108005964
0.200125,0.30313342792701314,0.16438776164994928
0.20025,0.04842929838507472,0.09800782202484766
0.200375,-0.0055933810015808185,-0.42829776558596167
0.2005,0.04473912435559471,-0.3470751920060752
0.200625,0.04491511574113968,0.13462416167508923
0.20075,0.2816531210056496,0.023359448743697008
0.200875,0.4872924325804854,-0.10333469544313535
0.201,0.4874014812826458,-0.23923147661299068
0.201125,-0.13846162229580258,-0.3009925200856782
0.20125,-0.2627123684830284,-0.30601141141670773
0.201375,0.032578096301189775,-0.1143571457265264
0.2015,0.32338659922937935,0.06563696772402969
0.201625,0.024364369242178236,0.0570535357610437
0.20175,-0.07900158228439998,-0.3061702729907348
0.201875,-0.07297726875918462,-0.4902550743543717
0.202,0.006900800637500081,0.27537866191952
0.202125,0.24398686255028637,0.4338906132750016
0.20225,0.3942696077398776,0.09049765887109616
0.202375,0.4458487059098485,-0.1691255613639206
0.2025,-0.1433042392249802,-0.012907243651662592
0.202625,-0.6068432245779214,0.0904848401370278
0.20275,0.09969339992455778,0.35871409394398956
0.202875,0.7217861297757924,0.49051358143783336
0.203,0.27511635639216286,0.18395683543578328
0.203125,-0.16337982456274627,-0.2393136861171529
0.20325,-0.17429818045162365,-0.29394335617430906
0.203375,-0.05354049329625681,0.05650848566245898
0.2035,-0.11947933588244274,0.37476456943027464
0.203625,0.1396404583691254,0.23599178799551765
0.20375,0.4185106243975575,-0.05585188011148773
0.203875,0.18077360752694305,0.08038264728016495
0.204,-0.34460704703772216,0.09663635781846527
0.204125,0.13080667538664603,0.2545571203274453
0.20425,0.20691495667028478,0.27475149652683856
0.204375,0.01784644797871963,0.37297900316246396
0.2045,-0.20936193585361315,-0.043996931221723594
0.204625,-0.08251955165983246,-0.3278864198440352
0.20475,-0.09116016495775209,-0.1331099363121792
0.204875,-0.20989776441156266,0.440437529690022
0.205,0.03038918608281666,0.18696007031857523
0.205125,0.09221611264566279,-0.010709121195450127
0.20525,0.12285819991456684,-0.1390791079719825
0.205375,-0.4022249595167544,0.022501921540914627
0.2055,-0.22128245481694522,-0.007005704168397146
0.205625,0.12540636637558714,0.23123799144615825
0.20575,0.25446300520715115,0.4797226504496202
0.205875,-0.12980591611977307,0.01514733940731982
0.206,-0.06688965667537078,-0.08293308060733076
0.206125,-0.013186144754190306,0.0778084600921216
0.20625,0.04455612129816062,0.3966487485044275
0.206375,0.09577468254794473,-0.03626932364127154
0.2065,0.15253607190619134,-0.33247657459387414
0.206625,-0.26921237467678544,-0.059103339742089735
0.20675,-0.7390802965820715,-0.11995461140729032
0.206875,-0.14846755022113908,-0.1275824414752713
0.207,0.32440526755573323,0.03288389857250247
0.207125,0.2178215439708089,0.12930766084731873
0.20725,-0.4745799430977964,0.021827547901406424
0.207375,-0.7054751445035207,-0.39316839005063287
0.2075,-0.32425526123272863,-0.22438808392102613
0.207625,-0.11163824974177126,0.24768422596111037
0.20775,0.17883175748816296,-0.0018285183316444284
0.207875,0.11234598193338104,-0.1303890589666126
0.208,-0.05263312034655319,-0.08619677487979645
0.208125,-0.4048025571124165,0.11224437617382431
0.20825,-0.19754979583173046,0.07691465237526554
0.208375,0.3604412282038991,0.1487991526204065
0.2085,0.32929608078693984,0.1150033198479553
0.208625,-0.25517766934726976,-0.19242933871946022
0.20875,-0.3341519068860565,-0.5058336786807386
0.208875,0.2120305007249838,-0.1392030358434536
0.209,0.3538960422220409,0.3053729434267224
0.209125,0.3590376036722313,0.17423421697137578
0.20925,0.5871843493280736,-0.25389557381580535
0.209375,0.13156134687180945,-0.5229617619794158
0.2095,-0.25346139234436876,-0.33380615517085804
0.209625,-0.0429794486660077,-0.013761506968506615
0.20975,0.2901063923928329,0.09714327038104942
0.209875,0.5955462425852337,0.1534436468761457
0.21,0.053531441780133075,-0.0008605338622752677
0.210125,-0.16604296635643226,-0.4242247630234889
0.21025,0.16535865758663107,-0.2814752839917553
0.210375,0.3117301429642356,0.25379788777285195
0.2105,0.10828993181072279,0.24993776259547806
0.210625,0.20717904422218325,-0.3323966070087688
0.21075,0.3475435983275181,-0.29940062469876283
0.210875,-0.0873415732856119,0.08384623852276198
0.211,-0.12934834332457798,0.3515728841247413
0.211125,0.3781175641817468,0.3674062102360502
0.21125,0.31313417493940127,0.5325133843541344
0.211375,-0.08666292864764025,0.22421372382653953
0.2115,-0.4114134073192763,-0.307297884910825
0.211625,-0.36575334911689894,-0.17241904826168916
0.21175,0.00365426082315503,0.3114989603535115
0.211875,-0.11214074129201124,0.43552871765632195
0.212,0.08604076685977949,0.05811721374681579
0.212125,-0.02144538368652591,-0.10886552082568277
0.21225,-0.38647466337263864,0.0729883163267669
0.212375,-0.42957479594979,0.20242174931534626
0.2125,0.2620949292291675,0.027439605828641897
0.212625,0.23934685952357168,0.30443249219489826
0.21275,-0.0038446984717267567,0.2261531067030392
0.212875,-0.41040679240269273,-0.06330438320183766
0.213,-0.060747199551882104,-0.1463510508096804
0.213125,0.31274216441180763,0.4916786285331239
0.21325,0.22884477976244927,0.46621993333241746
0.213375,0.14555506850949881,-0.18306672986909422
0.2135,-0.10684507101979632,-0.33571598047669077
0.213625,-0.3983572124054876,-0.15011816568119715
0.21375,-0.4545097065688717,0.11181312127742202
0.213875,0.04201563026449271,-0.04037804221918505
0.214,0.3327701591157758,0.09263164382461285
0.214125,-0.07647272645269174,-0.10667948898076195
0.21425,-0.46144019639449696,-0.31395912469018245
0.214375,-0.3505833532421667,-0.3498537350884017
0.2145,0.20189610003726693,0.05825071521577696
0.214625,0.3600387190300112,0.3203411899413659
0.21475,0.10568471410773875,-0.05786178090629303
0.214875,-0.20241513241323011,-0.20505666474453663
0.215,-0.375954985555281,-0.1191154325648936
0.215125,-0.3058212698323872,0.3085303248135481
0.21525,-0.13555413868902327,0.21604620945328737
0.215375,0.19728115126032958,-0.04073446635573236
0.2155,-0.22015220462608273,-0.000589494177318087
0.215625,-0.529240986650728,-0.2975240018962383
0.21575,-0.2129680165847684,-0.42463656220251783
0.215875,0.06050886948295247,0.04055130828441172
0.216,0.2347380201127599,0.3993716148018648
0.216125,-0.07641737990395059,0.047630657165335134
0.21625,-0.14828149845921193,-0.43274165089198324
0.216375,-0.06673363412134224,-0.3549662314145538
0.2165,-0.14759867601942836,-0.002443025492071822
0.216625,0.07994174146914682,0.27006029626979744
0.21675,0.42681890897278896,-0.06704369820841415
0.216875,0.053623152767502694,-0.07216378614223513
0.217,-0.4092377590103236,-0.36218463072620344
0.217125,-0.3451748820951063,-0.34689738996515135
0.21725,0.21782477478132575,-0.034082108014118255
0.217375,0.4882897257258955,0.10345501242182209
0.2175,0.03433327462340496,-0.08166586584817175
0.217625,0.13109495892324233,-0.3180880940112088
0.21775,0.005433744439079938,-0.11703036976728243
0.217875,0.0851664347600177,0.2532048902859001
0.218,-0.006220698285306255,0.202580615177454
0.218125,0.6674762497224167,-0.08297635003080056
0.21825,0.5073507253388453,-0.1895180822704076
0.218375,-0.2589587763178132,-0.16110325103103593
0.2185,-0.4844164603738249,-0.0808239887635503
0.218625,0.442578594380219,-0.14201779823261082
0.21875,0.6277916768343746,0.3921575812316597
0.218875,0.31434123133939823,0.1433833110833587
0.219,0.11414777642293011,-0.2941710152121414
0.219125,-0.24422045297835332,-0.32678041795150925
0.21925,-0.21028068778700035,0.3230524467747742
0.219375,-0.11241425486993228,0.40696527530649856
0.2195,0.3524749666618184,-0.00816332940346476
0.219625,0.148287906639247,0.039225536590564145
0.21975,-0.4533886226137309,0.09830766637500218
0.219875,-0.3770051965274895,-0.015449753890835053
0.22,0.07061651706579755,0.11067922109047444
0.220125,0.522473115692508,0.40257321569406546
0.22025,-0.029209233852442007,0.3625045451635328
0.220375,-0.13252234605751662,-0.2426914574802523
0.2205,-0.16945197497997838,-0.3564114540069622
0.220625,-0.10481376235625348,0.10774873950037736
0.22075,0.06523045102078903,0.5145949318044288
0.220875,0.3069374669834987,0.18210122447460067
0.221,0.21052437606358584,-0.1124620550735726
0.221125,-0.2712056198390385,-0.16154609000398445
0.22125,-0.264516986889546,-0.3417877607607801
0.221375,0.06322512280441857,-0.14104977580194056
0.2215,0.3430130768787873,0.12102800058708922
0.221625,0.15030413534926979,0.18056180863211155
0.22175,-0.286619312790489,-0.2610237762510195
0.221875,-0.3130305340811928,-0.3647508235653267
0.222,-0.27915579957162073,0.15594588466817824
0.222125,0.03584620828082002,0.2647896516012804
0.22225,0.15960598018419578,-0.0035396654355605876
0.222375,0.333159828542813,-0.08813388066793225
0.2225,-0.24146981945262735,-0.16752282982506217
0.222625,-0.4815671330387227,-0.04542371488060862
0.22275,-0.06150998779892426,0.208808832649743
0.222875,0.3432710434406908,0.22774050771031099
0.223,0.05945535086633008,0.1722783362226035
0.223125,-0.31293785931316825,-0.20062612753306167
0.22325,-0.218095752470186,-0.39446752606289265
0.223375,-0.21742288750968156,0.1321397214857664
0.2235,-0.10193407782486487,0.5373210670737006
0.223625,0.20915094574010415,0.16550933605721804
0.22375,0.054444960572534125,-0.15417421411942278
0.223875,-0.42347900283552264,-0.1755282634690565
0.224,-0.775493868595514,-0.052521303021593566
0.224125,-0.5161575700210809,-0.06660295059684483
0.22425,0.21360244052067484,0.25613645074843605
0.224375,0.17404642409647128,0.26904380586320303
0.2245,-0.36550694722963606,-0.11766464792808892
0.224625,-0.3871609070713332,-0.3710450770726949
0.22475,-0.23299486141113737,-0.2784469260304089
0.224875,-0.08512730931689755,0.3785300653420349
0.225,0.2955175223692932,0.05882639832449619
0.225125,0.5455364463515475,-0.2639836561664817
0.22525,-0.060497454128856966,-0.1281591651042015
0.225375,-0.3710976895718398,-0.30615851263064087
0.2255,0.03400314528084557,-0.031239986050247567
0.225625,0.6646601793098329,0.27775869008088494
0.22575,0.46416609631282485,0.13360948573609088
0.225875,-0.11438559431516014,-0.194007058256073
0.226,-0.2708101288527058,-0.6310919956320594
0.226125,0.19924870745633189,-0.29555630596790133
0.22625,0.4559472064744015,0.25295049319332785
0.226375,0.4896951049077695,0.16136263433803785
0.2265,0.40658534166764926,-0.32624883052273057
0.226625,0.12336531442687435,-0.4479988658876676
0.22675,-0.41990499145707055,-0.19597889877513078
0.226875,-0.04128384602669898,0.004227930982459636
0.227,0.47455958974967144,0.34968879840902944
0.227125,0.651859827242087,0.35064863496391324
0.22725,-0.05791046344088637,-0.046179460220232935
0.227375,-0.25751329975903164,-0.4718885541959285
0.2275,-0.1536684523516105,0.02193243437519872
0.227625,0.13901133985044622,0.5987405185304833
0.22775,0.039577409480001345,0.33892642820927105
0.227875,0.2848459278572858,-0.20803979735506656
0.228,0.0169116944646165,-0.2648958541284304
0.228125,-0.3249406077465084,0.05394593433998429
0.22825,-0.16994767508272518,0.29362241510868176
0.228375,0.30299427727140543,0.5081940288722172
0.2285,0.21895916669588456,0.3332039889257576
0.228625,-0.23268521815549728,0.12224314888398498
0.22875,-0.34200570607232167,-0.3971732458542597
0.228875,0.06073666243521806,-0.05502573040261361
0.229,0.1774251390300248,0.6135876570109274
0.229125,0.21308838568904512,0.6547624746827296
0.22925,0.1428299899874233,0.18080540463736697
0.229375,-0.07274669934817393,-0.05811477734446157
0.2295,-0.2945648406936384,-0.044749415409133624
0.229625,-0.20343670802175087,-0.021132070573130886
0.22975,0.3076091383087393,0.2834307549979038
0.229875,0.2596106504590194,0.14754903744184097
0.23,-0.17418327976102413,0.0694861550506606
0.230125,-0.4978061235001875,-0.33189736816284404
0.23025,-0.22458614389933168,-0.18750109763300843
0.230375,-0.07249225001142696,0.2988059397526798
0.2305,-0.02044733479183598,0.183936522275851
0.230625,0.0030824106237035205,-0.2117444542834285
0.23075,-0.03348161626220594,-0.3652032544505109
0.230875,-0.12907529071082016,-0.09869035270646845
0.231,-0.46897946609031305,-0.09250582374138328
0.231125,0.30572505193085897,0.032817974602354465
0.23125,0.5080530285901551,0.0518906761134647
0.231375,-0.2308811425571797,0.13849634624583418
0.2315,-0.47484977769129516,-0.25704664300510255
0.231625,-0.20279723957062223,-0.17991360249658805
0.23175,0.21313972369826764,0.19940873279718258
0.231875,0.016156774511435754,0.32902643210997234
0.232,-0.09558740126441141,-0.2802897971721715
0.232125,-0.20135852768796983,-0.3519791264240543
0.23225,-0.35259789799342683,-0.048733273094191835
0.232375,-0.479705758194127,0.18211777139336147
0.2325,-0.13184396947565133,0.179237241360082
0.232625,0.2896395177279529,0.10183440632236813
0.23275,-0.12565003038857578,-0.10380587542539699
0.232875,-0.4376516337829008,-0.234248281482595
0.233,-0.29176946100215984,-0.3386833627156113
0.233125,0.18765920718214113,0.14436609885043825
0.23325,0.2600061762652908,0.4176070585269011
0.233375,0.004956067666945103,-0.19839963578806347
0.2335,0.05858840668859937,-0.590473540379294
0.233625,-0.14886593616704227,-0.130590783243258
0.23375,-0.3077476326675777,0.04378135685244707
0.233875,0.28362108026440364,0.19683649886475202
0.234,0.6380267508442257,-0.0027183402119695115
0.234125,0.1301839374915651,-0.012421927661121882
0.23425,-0.22922759523715286,-0.44000920451551495
0.234375,0.08386349606762519,-0.35693433900213783
0.2345,0.35801810085169533,-0.020187138555682622
0.234625,0.4139668795084402,0.33622257056977417
0.23475,0.23027019461590814,-0.19622492167562228
0.234875,-0.025198194352294628,-0.6625737233018472
0.235,-0.08319335172233741,-0.2758388121993775
0.235125,-0.09284372826791398,0.324440548471972
0.23525,0.3197959897954622,0.03413085335354026
0.235375,0.630775158869349,0.13756106807558507
0.2355,0.18094489503295777,0.01673454385205338
0.235625,-0.518151976427713,-0.19681578531918958
0.23575,-0.2602074182784571,-0.19550655564242397
0.235875,0.47034801260327125,0.26531361049158936
0.236,0.3473541020272891,0.568187146818052
0.236125,0.004956591805686423,0.10378436098169476
0.23625,-0.14616890135520993,-0.34104847030334123
0.236375,-0.3237046792507301,-0.05032896950089841
0.2365,-0.3232762962543926,0.5329632593946098
0.236625,0.16684731627050195,0.3083073196403393
0.23675,0.47700194012581587,0.1949085920579363
0.236875,0.2503694877394987,0.15628693476188296
0.237,-0.5012704239954288,-0.06807039925929773
0.237125,-0.5005469882188549,-0.0940000544321142
0.23725,0.1803992077147696,0.15745006668488068
0.237375,0.45897749953812267,0.8097543310365152
0.2375,0.23335058306245188,0.31076956817423784
0.237625,-0.09708984927549624,-0.43939447321806874
0.23775,-0.29184973457023516,-0.1775448045218299
0.237875,-0.2609918372150035,0.3625794909160003
0.238,0.08392182392325213,0.22396799062322717
0.238125,0.5042295825656068,-0.04899143186786212
0.23825,0.1541415352504383,-0.13107673981996296
0.238375,-0.4586766761119552,-0.30030549519383287
0.2385,-0.8284519880521175,-0.23585859478743815
0.238625,-0.05671194050016554,0.04545690508164262
0.23875,0.2171646019624617,0.5605569448489109
0.238875,0.10112460074575343,0.32306573346871675
0.239,-0.37367526554851893,-0.40616194222799473
0.239125,-0.12616849610256103,-0.5421423488029591
0.23925,-0.10924756252462721,0.17190825082769073
0.239375,-0.09520587932686041,0.3499460525349366
0.2395,0.3458192933995554,0.148391655394407
0.239625,0.17974488303342429,-0.0007807041588822325
0.23975,-0.5683477659820279,-0.18962304754746326
0.239875,-0.48470609933224307,-0.2839986709265046
0.24,0.03304710424230714,-0.028551250764691255
0.240125,0.254421711457408,0.6172695848818428
0.24025,0.1658024735629647,0.24505754453417797
0.240375,-0.4451245743662041,-0.4367768678474064
0.2405,-0.35352883312158084,-0.48413058227526595
0.240625,-0.05639768033989188,0.13964449930283998
0.24075,0.12951961947058027,0.14711062766529015
0.240875,0.029271312960286098,0.0485955871547105
0.241,-0.0504595478022823,-0.2993558284405139
0.241125,-0.3637633263832201,0.003435119930860541
0.24125,-0.42319334915907847,-0.15185729321696095
0.241375,0.04813037024919319,0.11001578054469134
0.2415,0.48149749802146025,0.2493713517965492
0.241625,-0.053901054489630416,0.15324002963627445
0.24175,-0.13812670412250977,-0.45159694427525293
0.241875,-0.1700851685951837,-0.5116492214080333
0.242,0.082613543376123,0.035206281109070495
0.242125,-0.11775148360397097,0.2910920852680627
0.24225,0.2308067317419964,-0.05598483572026843
0.242375,0.283660206287042,-0.4487876338314598
0.2425,-0.1295481151757196,-0.18529938171041088
0.242625,-0.3479741296285508,0.08326787526900928
0.24275,0.06337038602476885,-0.01108967071669887
0.242875,0.7599751644941305,-0.03620747186942543
0.243,0.48440162908527623,-0.07220971145596464
0.243125,0.03623454983944405,-0.32944347048257705
0.24325,-0.02701134423311548,-0.47431275180446314
0.243375,0.1519053071166,-0.041766468486011156
0.2435,0.22028754907511233,0.283881601286093
0.243625,0.5198779503406221,0.10884573941906288
0.24375,0.4129564812214505,-0.17025425985650877
0.243875,-0.19534842165823002,-0.053168592897357383
0.244,-0.7604112764552216,-0.05323675418883322
0.244125,-0.20497028601983217,-0.06397135944255344
0.24425,0.564399081224714,0.13869431989764505
0.244375,0.37008046803450345,0.2828303288391432
0.2445,-0.05288024416445629,-0.003921099765981784
0.244625,-0.15946237557992218,-0.22706501080939043
0.24475,-0.125153721831403,0.1425434640320965
0.244875,0.19404427872452165,0.7864275622371908
0.245,0.22238294644956305,0.3813010369559785
0.245125,0.3643511196380512,-0.02323872531574092
0.24525,-0.15282506811589253,0.12207226036563562
0.245375,-0.7045812062921257,0.0862209073558844
0.2455,-0.310152725365636,0.2900494290706039
0.245625,0.5865896434522392,0.485787280148615
0.24575,0.3827573541933695,0.4929239646124756
0.245875,-0.2318067951222579,-0.001634374815098885
0.246,-0.24966735712586466,-0.688423995784752
0.246125,0.009034888005590712,-0.19972349713866064
0.24625,0.08986948686184272,0.3576914682766602
0.246375,0.01041290803315183,0.2799450273572905
0.2465,0.342380839889539,-0.2455235722106949
0.246625,-0.01429825437528434,-0.21322796213346765
0.24675,-0.3250265094580372,0.0096800215254094
0.246875,-0.2961747065839231,0.08946026483056213
0.247,0.3652724717163883,0.2852663416587715
0.247125,0.11696925287805447,0.15259207035112593
0.24725,-0.2356024406348485,-0.137111690545566
0.247375,-0.5424165438602259,-0.5765150441904858
0.2475,-0.170729065656079,-0.26591429865657457
0.247625,0.15682126045635147,0.6943405044517172
0.24775,0.1473721395019627,0.3454550968223587
0.247875,0.36805218207708823,-0.20280386471449185
0.248,0.11412311783811761,-0.28350434447657774
0.248125,-0.2670386707411678,0.06630032905620516
0.24825,-0.3364218843087723,-0.07908048356859217
0.248375,0.20399340663031995,0.14093683463152476
0.2485,-0.03724376903272478,0.18436698683248925
0.248625,-0.5189149316414099,-0.008370155033695752
0.24875,-0.6642130238823598,-0.3502419352001088
0.248875,-0.2633508361715108,-0.299897054514185
0.249,0.0070994244862088605,0.33643261786746725
0.249125,-0.10047264461061853,0.26080848089649095
0.24925,0.06600526428993381,-0.35997344462000463
0.249375,-0.12627622429997873,-0.34079956004558426
0.2495,-0.30872834879283945,-0.000897617172072828
0.249625,-0.4587814621075933,-0.010807881665314602
0.24975,0.3021558183080656,0.09753048271106018
0.249875,0.6348695615776692,0.3118660397774678
0.25,-0.03910617206926185,0.2533057083959935
0.250125,-0.42099866105928674,-0.22389330275159094
0.25025,-0.15148831013377417,-0.16111619418458492
0.250375,0.17405160225431104,0.2125189006326763
0.2505,0.4717579045522385,0.10048463657891618
0.250625,0.3288669414114128,-0.5160238137494318
0.25075,0.11508611574783718,-0.603081546541142
0.250875,-0.27638033091050024,-0.30853546478701843
0.251,-0.28200589274744486,0.040747957778040036
0.251125,0.35997907232564114,0.1908546283757031
0.25125,0.6171281124911189,0.04837213997194456
0.251375,-0.042676726190153925,0.007543048930890589
0.2515,-0.23669994197951172,-0.4373624136489618
0.251625,-0.18967363550057822,-0.36121730261875107
0.25175,0.20179080663522458,0.37076174745264134
0.251875,0.21779339482044963,0.5757758942475374
0.252,-0.04691000513466993,-0.061893597222251746
0.252125,0.01647306341229652,-0.40876939182505434
0.25225,-0.22263125871524678,-0.15462155939898015
0.252375,0.05622729505612324,0.18868561590563815
0.2525,0.3880079303104917,0.29807593296660856
0.252625,0.7576419448279725,0.35120200693131093
0.25275,0.26379107990090683,0.2209138066446345
0.252875,-0.3757460535542395,-0.15706635206243044
0.253,-0.036834401630297026,-0.24511791973154598
0.253125,0.2918109271268113,0.41719947866693974
0.25325,0.26527550348124035,0.42703038532055704
0.253375,-0.022347586932941452,-0.02186338785052351
0.2535,-0.13092095684018415,-0.3128994157427288
0.253625,-0.31560584523091906,-0.13225282615243883
0.25375,-0.2335008681844128,0.39205117236760423
0.253875,0.3041768548225226,0.29158293441827643
0.254,0.6871185932051063,0.1111553577261227
0.254125,0.057014786083077515,-0.027108990750547124
0.25425,-0.5497768044491851,-0.1760303919632203
0.254375,-0.47274658265378344,-0.1569464788217574
0.2545,-0.02045881533339727,0.34770269702337187
0.254625,0.05450845661501064,0.436492207409971
0.25475,-0.13295592999666608,-0.004833037523241389
0.254875,-0.35470411017165254,-0.26128290496282836
0.255,-0.37834561419875357,-0.10360120867896083
0.255125,-0.3144859548397153,0.48547738438825866
0.25525,0.01820828388083969,0.17633336990138343
0.255375,0.48865406649074133,-0.013899866200230745
0.2555,0.21798830280424764,-0.24084878328140114
0.255625,-0.6363317657420777,-0.38997757728973215
0.25575,-0.11385457417444264,-0.23213544694507673
0.255875,0.2730391360635575,0.46928931562471776
0.256,0.32629172595107203,0.5034177208198816
0.256125,0.01937777155845748,0.15179523479424406
0.25625,-0.07703300168010824,-0.45935927954977174
0.256375,-0.11331463439623395,-0.300254323361053
0.2565,-0.05060955141162751,0.07512087789296826
0.256625,0.06928244671555372,0.18218835660654056
0.25675,0.3307392104780495,-0.14920269645815756
0.256875,0.07407943854731687,-0.3522092238926981
0.257,-0.5859142644076443,-0.3408601140070818
0.257125,-0.4633749535043298,-0.29146406471413233
0.25725,0.19582139682590174,0.07452242556755644
0.257375,0.369210900135176,0.46474844091128564
0.2575,-0.23521923408693324,0.16942378192316107
0.257625,-0.5264591917462997,-0.3239266532216821
0.25775,-0.3102036281284021,-0.44706485563669135
0.257875,-0.3434021643574171,0.1540758211971813
0.258,0.06257870677486291,0.0927120481236347
0.258125,0.23916404424590784,0.06760154053811511
0.25825,-0.13265388054987348,0.026666578895626392
0.258375,-0.5292249123261936,-0.145529747658236
0.2585,-0.5482048360343749,-0.16523238364422516
0.258625,0.32657397843217617,0.08639061238660778
0.25875,0.6438295289297539,0.34332747142780645
0.258875,0.09867089569051543,-0.003828066098091564
0.259,-0.24530896323210347,-0.5821621863308073
0.259125,-0.08121319822094347,-0.4852336861889409
0.25925,-0.04782384726648264,0.11589959532292397
0.259375,0.3062949222070458,0.40790414945864256
0.2595,0.7019126525106937,-0.2646473862225687
0.259625,0.4917893877397351,-0.3703188602030142
0.25975,-0.18232892300936815,-0.24440858385681502
0.259875,-0.33351408852556585,-0.21176240420196515
0.26,0.19045297266342315,-0.17147552372220856
0.260125,0.4787476541638574,0.030931419251434798
0.26025,0.16295901319145062,0.02347343965756242
0.260375,-0.20660815375139627,-0.5062736280726331
0.2605,-0.09449354085359946,-0.49519803748602864
0.260625,-0.22901627686858883,0.267410160248572
0.26075,0.10726797626091088,0.4925136436249917
0.260875,0.6234173524326219,0.05444782940491499
0.261,0.42184858061958397,-0.14803464958999882
0.261125,-0.2584959381273769,-0.026919134908998974
0.26125,-0.4201902268449196,0.053291414996198876
0.261375,0.17501597555136095,0.2517463400334991
0.2615,0.3271560095598926,0.5176806422082745
0.261625,0.1083000879567894,0.5825091910288569
0.26175,-0.28097616999633207,-0.18481853221408343
0.261875,-0.2923924616905606,-0.21962773545351444
0.262,-0.12649117644463376,0.25448524526026617
0.262125,0.09730755294893258,0.5176798215090795
0.26225,0.27088312954660304,0.01028057502889702
0.262375,0.3899838086073657,-0.10666711853450779
0.2625,-0.24712444271960696,-0.22727203732703785
0.262625,-0.7292685831806883,-0.34368456750838977
0.26275,-0.016043658656304107,0.06108061749177934
0.262875,0.4727724986771171,0.34829737761255786
0.263,0.06960209209359416,0.3690237915674242
0.263125,-0.2868385397208584,-0.13229603936711157
0.26325,-0.4488744131196054,-0.5312761090200002
0.263375,-0.1294893558333792,0.17272202654834296
0.2635,-0.1901172922360913,0.5117205297088477
0.263625,0.23657486767750155,0.11170490573163523
0.26375,0.35712629423609493,-0.22365333513327
0.263875,-0.3306630595411542,-0.31365285719239405
0.264,-0.46295373778320054,-0.14245862238331897
0.264125,0.06495222573494579,0.02634018692659219
0.26425,0.4490693809290687,0.3004094288890278
0.264375,0.032746711671748904,0.3560031193196068
0.2645,-0.4413058725672819,-0.14512530044505706
0.264625,-0.5159439252593714,-0.46924984723025787
0.26475,0.1503514904701937,-0.07264704512504958
0.264875,-0.12128366456844689,0.413414049656371
0.265,0.03220075013137238,0.16685315111192944
0.265125,0.12440930841223027,-0.40836198895890086
0.26525,-0.23936825378848847,-0.2872143775477401
0.265375,-0.6077179973004824,-0.13292049649963486
0.2655,-0.26816288510909064,-0.16048805797237506
0.265625,0.06581265089876873,0.17942201061245872
0.26575,0.06104433577237614,0.24178641493150352
0.265875,-0.4547085203423454,-0.1224286597318357
0.266,-0.5599805366256487,-0.396467954865003
0.266125,-0.159887111786841,-0.03792104929133255
0.26625,0.08497833779165419,0.3688824080385133
0.266375,-0.15516876553052017,0.01884008759894545
0.2665,0.05665538976160811,-0.3636090689109224
0.266625,0.03456603966207698,-0.18975126643809156
0.26675,-0.2534741389054736,-0.1047821239860856
0.266875,0.24302853315772835,-0.000807021517973329
0.267,0.8181926546870076,-0.006595784045337762
0.267125,0.48047573081076744,0.09007041266241564
0.26725,-0.15545700160252113,-0.20960735153286736
0.267375,-0.052194502473248534,-0.6387167777559005
0.2675,0.022315742353044246,-0.2709403127542314
0.267625,0.42633080719905664,0.16399383481933746
0.26775,0.16298304166392025,0.0592678163468037
0.267875,0.20234185940662036,-0.39919705944018474
0.268,0.24041706576579008,-0.4299664261138787
0.268125,-0.15927091125033918,-0.20398572836769224
0.26825,0.013550435593329259,-0.017959034396693333
0.268375,0.4871077313086927,-0.014348376042458094
0.2685,0.26147644842029855,0.10844503436080895
0.268625,-0.18654147374772576,0.11696975364554538
0.26875,-0.24641450425733985,-0.08990144469244946
0.268875,-0.34072432988005874,0.19656017037114876
0.269,-0.0010735091280694917,0.7558718541134382
0.269125,-0.0581004708465577,0.6046623846844941
0.26925,0.3300187452888015,0.06093223408040203
0.269375,0.33044911356696133,-0.14883109526252644
0.2695,-0.39562966374827124,0.1101198234806588
0.269625,-0.44133618374703065,0.1333898912641976
0.26975,0.44077479651497464,0.2387401333527075
0.269875,0.6730016486794329,0.23242127266591384
0.27,-0.05627480682366994,0.3153377506310204
0.270125,-0.7187540160361817,-0.20524424027032961
0.27025,-0.3039880308892816,-0.10958118587690022
0.270375,0.09416634136561587,0.3558174151046981
0.2705,0.285975706927419,0.3139205798198926
0.270625,0.2594819660609937,-0.13626498731130168
0.27075,0.16073124722160317,-0.4238163287552247
0.270875,-0.22327307381050293,-0.3604240186143271
0.271,-0.24999659203277724,-0.11289760405510671
0.271125,0.4124540059568519,0.07542613069558747
0.27125,0.5499890109244482,0.21902168002160913
0.271375,-0.09688098971943296,0.22784128197540035
0.2715,-0.7549839284595413,-0.30623013598542087
0.271625,-0.3813294966048456,-0.3252211189894754
0.27175,0.1730119269272057,0.300965415379174
0.271875,0.30634374231555384,0.5881803795466096
0.272,0.08823964004135787,-0.041472115769672635
0.272125,-0.01929081176090061,-0.531436757973711
0.27225,-0.3293235947506665,-0.20063401384954263
0.272375,-0.32991246533887936,0.21794019714934582
0.2725,0.11370134005961298,0.3291430544695697
0.272625,0.37778943082847716,0.21615977487042132
0.27275,-0.18063678939873834,0.22594282451090975
0.272875,-0.5583260018102442,-0.21653109913645746
0.273,-0.27185477981849365,-0.11213828690562383
0.273125,0.2524168824996061,0.3241965978840715
0.27325,0.23392864000911995,0.5004517533737645
0.273375,-0.05639512640406787,-0.12126665769731129
0.2735,0.0414252398280265,-0.5058907126560633
0.273625,-0.3133692969550852,-0.26453810203427813
0.27375,-0.20471469507064868,0.12145365113940548
0.273875,0.07502164008565848,0.21988929337059704
0.274,0.29971918859566854,0.10608673663549305
0.274125,-0.30341945408345034,0.021670198241576837
0.27425,-0.8227512732979334,-0.2263186394457251
0.274375,-0.4470107494695015,-0.22988707062701924
0.2745,0.08731087784094202,-0.09756586183676232
0.274625,0.3465879997192327,0.26182926147956004
0.27475,-0.08246774861668539,-0.13362402724924274
0.274875,0.0025322293564731444,-0.4735554938867537
0.275,-0.05737452940648807,-0.29262886377125125
0.275125,-0.4501611722537189,0.3435369505571152
0.27525,0.04003286625273587,0.20037812066687
0.275375,0.5617204107550035,0.024133297826567885
0.2755,0.27039237305929953,-0.12336732846662542
0.275625,-0.28975546270963926,-0.051571541513838005
0.27575,0.06448205476320996,-0.23168556038164304
0.275875,0.7108481282785333,-0.06968973314050789
0.276,0.654208514701794,-0.03382603413041978
0.276125,0.2592121143587153,-0.3226649532096289
0.27625,0.2407070144060552,-0.7373702678744575
0.276375,0.03556695137267441,-0.5413070813650146
0.2765,-0.05957072373021532,0.14756414331674036
0.276625,0.09687543666903832,0.26056113737806813
0.27675,0.37229579498483834,-0.027492412738414986
0.276875,-0.06684459985276148,-0.02717824765669637
0.277,-0.49865331512143624,-0.20628409390064417
0.277125,-0.3257028531121903,-0.30571648261633255
0.27725,0.27946189998983195,0.10562104008811705
0.277375,0.2804667830185446,0.4779287902656984
0.2775,-0.07634464378166696,0.23455608120929908
0.277625,0.032447193292863837,-0.23309682735030193
0.27775,0.18475427215562973,0.248135231464779
0.277875,0.13024556762755382,0.6690280400908315
0.278,-0.1866033492151829,0.5695569576999981
0.278125,0.35906157272571604,0.2536720430772895
0.27825,0.17816853614376055,0.19457847540758894
0.278375,-0.38698155809361245,-0.08558020271582209
0.2785,-0.2200582474212175,-0.030154611087104037
0.278625,0.22454468908894143,-0.01223396898259919
0.27875,0.5561008050749886,0.20540795721069066
0.278875,0.108093361027244,-0.013628564251324492
0.279,0.022763205774302818,-0.5731144338273907
0.279125,-0.037254409935077205,-0.2551640706967166
0.27925,0.04190309861945024,0.064348675111488
0.279375,0.09105059507289136,0.2838208179274573
0.2795,0.25972428139323045,0.06482537678685137
0.279625,0.3054333753165719,0.0065167689776718
0.27975,-0.3521006197632566,0.13658164537751172
0.279875,-0.6252790585601576,-0.12408941043889252
0.28,0.1962351302193288,0.07543967285359517
0.280125,0.5585807815005658,0.3260145000742478
0.28025,-0.03804057089954893,0.16993970203557796
0.280375,-0.19425072129455082,-0.37705213891714306
0.2805,-0.1277994669959874,-0.22259596457994033
0.280625,-0.3860582412259739,0.18577582151625338
0.28075,-0.156986487187757,0.4442645043598977
0.280875,0.14075888366902348,0.031167628635092638
0.281,0.11442350143923687,0.08781784999679255
0.281125,-0.0810095034035453,-0.069084613672833
0.28125,-0.4849372698417146,0.00483839741708285
0.281375,0.1265503262383455,-0.21474433402402185
0.2815,0.42208646385963333,0.29596755817163145
0.281625,-0.12192130847825636,0.23253660560997602
0.28175,-0.4611615046036491,-0.26560176488475284
0.281875,-0.47979231652632803,-0.35410851113794817
0.282,-0.29877947553955564,0.2870591358123902
0.282125,-0.3892139834019281,0.4733766378264207
0.28225,0.04786244608345429,0.024570617197841874
0.282375,0.3458600146524208,-0.3291863855410212
0.2825,-0.1400519474461574,-0.24854271924947155
0.282625,-0.6572712027581074,-0.2531822050164977
0.28275,-0.26936854270855326,-0.2969911273954856
0.282875,0.4432319047941188,0.10398151179992467
0.283,0.06002476109832189,0.20111618841902076
0.283125,-0.13181040177248754,-0.25871504938308054
0.28325,-0.3120621400468817,-0.3604893042654224
0.283375,-0.20640494179871277,0.08053769239080881
0.2835,0.0001543166086217626,0.20516308262752075
0.283625,0.45393126812247847,-0.048349650507798506
0.28375,0.38372782496591334,-0.31497229988320224
0.283875,0.12782992782862299,-0.4382088863575884
0.284,-0.48048470893228296,-0.41480556798183627
0.284125,-0.1496223044557802,-0.2773074873942312
0.28425,0.6576589056800651,0.019741081970999334
0.284375,0.35466146130152326,0.25717716298170307
0.2845,0.15193161241374792,-0.25972908580056386
0.284625,-0.16479471802787873,-0.5638192389156729
0.28475,0.13845513763264194,-0.06037246306574884
0.284875,0.13376612530495613,0.14987668651877223
0.285,0.13632791161698132,0.13250944992491537
0.285125,0.5578311286549749,-0.3361456371627151
0.28525,-0.0070245599785987755,-0.2361952459952409
0.285375,-0.3602060558822754,-0.14295247205037076
0.2855,-0.22103389787362565,0.18121974300073534
0.285625,0.47052481084684383,0.4006738534045933
0.28575,0.38006350040796855,0.4883958315888477
0.285875,-0.02360597697037276,0.04934842971477143
0.286,-0.2269387368056045,-0.4162600449179667
0.286125,0.2693547570993123,-0.11733287906789171
0.28625,0.08404372397512168,0.5231601821019517
0.286375,0.1979025251120984,0.4684632747869216
0.2865,0.1970158663086557,-0.04032241301604035
0.286625,-0.006853238529908552,-0.11425445397132827
0.28675,-0.38622882661832425,0.15714014678560237
0.286875,-0.27876782798270927,0.08052214561693519
0.287,0.31242295160193034,0.2720302339204404
0.287125,0.3809412579803907,0.2700391305983183
0.28725,-0.22774791720456541,0.14746204981825453
0.287375,-0.1609614800151933,-0.43895089855064756
0.2875,-0.09258477209124215,-0.07730510057098906
0.287625,0.05312870985859328,0.4551381040089021
0.28775,0.23659654697251434,0.3374535799070519
0.287875,0.25897643258669395,-0.15982333385203087
0.288,-0.07275141492005013,-0.2171867812233957
0.288125,-0.6344322884368285,0.02283373283851759
0.28825,-0.21327964667547525,0.17045590451852852
0.288375,0.23905659484752104,0.27085986189921923
0.2885,0.3352768453494378,0.2474201264844525
0.288625,-0.06651057454234058,-0.0702925601127005
0.28875,-0.31613122030708785,-0.31862133694692835
0.288875,-0.22438305128854338,-0.17705725493188457
0.289,-0.14557177382920922,0.1840210826804002
0.289125,0.15417441546849162,0.33040116272477993
0.28925,0.26183651777432265,-0.14726554942479803
0.289375,0.1253570623992939,-0.14578861743392152
0.2895,-0.4627961091152345,-0.04073136943748283
0.289625,-0.14997651447432897,0.020894956876324304
0.28975,0.09666798241074835,0.1981647625858241
0.289875,0.4857389872002649,0.09621607019593036
0.29,-0.31857527227075605,-0.08905850489635261
0.290125,-0.23714690513157952,-0.3387096644259302
0.29025,0.07625052054404327,-0.4414541337719098
0.290375,0.045309665436213335,0.19817849882718755
0.2905,-0.16415983234742074,0.1907761035068889
0.290625,-0.2188343777761917,-0.017198829118194002
0.29075,-0.2850827908268046,-0.23301298466206208
0.290875,-0.431436915126769,-0.12515439230220324
0.291,-0.3063932810776838,-0.04213178646898211
0.291125,0.27799278596411797,0.09450647762967541
0.29125,0.22925667830277266,0.4083881105291122
0.291375,-0.41138311339212935,0.047222936745699946
0.2915,-0.5987909827158993,-0.33194973823569796
0.291625,-0.059877417903465374,-0.2529621007396234
0.29175,0.33407981235592493,0.14393063415893526
0.291875,0.19543789511020093,0.3141845546909688
0.292,0.24385191981817428,-0.23239736470959302
0.292125,0.29183191187162955,-0.33794275619225134
0.29225,0.037934516111086225,-0.07561821401251838
0.292375,0.051619290241608475,-0.1287292281265964
0.2925,0.3404058479222628,-0.11491752831556691
0.292625,0.46040276595866886,-0.11764312979220642
0.29275,0.169533748023845,-0.10155316667281661
0.292875,-0.2037630308941588,-0.2457304910564055
0.293,-0.01715694350314556,-0.19205347161016306
0.293125,0.14054786037338302,0.1514811438487399
0.29325,0.19706727016598605,0.25076856393700336
0.293375,0.011492173067133866,-0.2283149757378627
0.2935,-0.02618922818298092,-0.5473609620444895
0.293625,-0.052226136338410556,-0.08248171289119552
0.29375,-0.3622037381189198,0.27487286607561445
0.293875,0.1428324790181943,0.20039442908715543
0.294,0.44657048074574507,0.24534002004557612
0.294125,0.18547739988560533,0.29262544809123336
0.29425,-0.37089579991621496,-0.10264620184983313
0.294375,-0.312689629755869,-0.13019997806696468
0.2945,0.27550242159703775,0.32175243673602855
0.294625,0.4299579182493008,0.4716053038734333
0.29475,0.24848209916035988,0.23578200215880446
0.294875,0.19393014452277924,-0.14754375719107118
0.295,0.019729582301855217,-0.16871137435161393
0.295125,-0.12267356284501871,0.20598802297925767
0.29525,0.07001269455435837,0.13348750022599945
0.295375,0.42526650924877957,0.09012593123199356
0.2955,0.0692154262081449,0.10293496843515895
0.295625,-0.1920893791333916,-0.20867216585084433
0.29575,-0.05674134118353608,-0.1736223967910922
0.295875,0.3501860661367704,-0.01406925632450167
0.296,0.18964670029906644,0.46049636085994955
0.296125,0.11180699622052571,0.06035809448575833
0.29625,-0.022138884024750196,-0.28618109156895327
0.296375,-0.010368160742041383,-0.24531651917741035
0.2965,-0.1510755738425763,0.20858903561834874
0.296625,-0.04483791929404573,0.2895460454065718
0.29675,0.38488287876596694,0.1332170757964246
0.296875,0.21605621940744726,0.2725517102782103
0.297,-0.4828505472517815,-0.16457835488134484
0.297125,-0.47775743281043836,-0.2166771394001754
0.29725,-0.026560725929508637,0.037478826059841236
0.297375,0.21360820502675482,0.24479491690882474
0.2975,0.08935619327829959,-0.15982418285553243
0.297625,-0.14021267218338435,-0.33454139547247186
0.29775,-0.1723952319310611,0.0021342312168731695
0.297875,-0.16449509246095126,0.20302329587477477
0.298,0.11099644881277054,0.14993124639874153
0.298125,0.22028198494837586,0.11218761236457306
0.29825,0.032240318665850934,-0.013322044400919083
0.298375,-0.5482916004441,-0.046577593658813574
0.2985,-0.6824396169733716,-0.21120848577079285
0.298625,0.012081823590137175,-0.03539702532345225
0.29875,0.23621724243636444,0.3360222011759046
0.298875,-0.1089062804614462,0.04549290225189037
0.299,-0.4400856640935534,-0.45886337021047235
0.299125,-0.24467686675265196,-0.47823710377768325
0.29925,-0.12855814650553327,0.012217751443938366
0.299375,-0.13017709730005125,0.1888313778972031
0.2995,0.14579392375457587,0.02736681690369238
0.299625,0.14867825696015585,-0.10551117268417683
0.29975,-0.41043301062317644,-0.0031593862133489923
0.299875,-0.49155669670467433,-0.1592736607219847
0.3,0.008283992280389339,0.2113838026340914
0.300125,0.3946222652754639,0.22737300821816184
0.30025,0.15020319047821984,-0.014052117588391285
0.300375,0.006468118717084289,-0.6514053788569166
0.3005,-0.07066931770722872,-0.5131320854148245
0.300625,0.16274100490058757,-0.11830516955903053
0.30075,0.25031648023707365,0.18020873229163226
0.300875,0.4268754762121574,-0.008671932689350938
0.301,0.5259107300200119,-0.27070628543050446
0.301125,-0.15669908553766296,-0.25746111782208686
0.30125,-0.20552435054649673,-0.09971710102187992
0.301375,-0.07685096966118586,0.12196687823496483
0.3015,0.3552803449718987,0.13942312596915715
0.301625,0.24425232790772963,0.11788332681663867
0.30175,0.13703092083312735,-0.41611312348901164
0.301875,0.03723081721252908,-0.49265872607138034
0.302,-0.07582019679589451,0.010473589431237053
0.302125,-0.06914550521656822,0.3967751298600654
0.30225,0.2746854277951141,0.14846450248364193
0.302375,0.354066479476547,-0.10724746719500496
0.3025,-0.41498788645379586,0.014668150966675434
0.302625,-0.4161589090519106,0.09614390397806145
0.30275,-0.15927577167527418,0.2962370772352032
0.302875,0.33773811166704915,0.306209921918482
0.303,0.32213861418987355,0.33595364513778286
0.303125,-0.1286935269864166,-0.042221629360697295
0.30325,-0.2814906953135558,-0.26137186453444683
0.303375,-0.06706260420580556,0.0197993028172987
0.3035,0.05610142888751887,0.43205072504535735
0.303625,0.2832603301678232,0.30391310062270277
0.30375,0.3444518456299466,-0.0424252401415206
0.303875,-0.21218181481353454,-0.044657658290615715
0.304,-0.3428356507948083,0.010667754217838415
0.304125,0.021055639244086512,-0.06574134471170191
0.30425,0.5043315282066674,0.2416403805498583
0.304375,0.04424401610477029,0.16827753738298123
0.3045,-0.18347685595362917,-0.13322736787742598
0.304625,-0.18449704001178358,-0.4522784260226938
0.30475,-0.10521742884864468,-0.022124999497135988
0.304875,-0.0045510723091613655,0.47994574208918206
0.305,0.08927814503540443,0.29411662459248133
0.305125,0.20518996284772972,-0.15398923600648537
0.30525,-0.005605072138583496,-0.25244721039316953
0.305375,-0.2423877615549837,-0.08643957477739392
0.3055,-0.03132713743403987,0.03713202271568066
0.305625,0.44035041558100596,0.25329624593072214
0.30575,0.10155291280824372,0.22488562279002683
0.305875,-0.5424683315876564,-0.1854001379709595
0.306,-0.635753365557504,-0.4544801827934704
0.306125,-0.17467206036350819,0.0894988560748438
0.30625,0.19358110377702328,0.3517325118164254
0.306375,0.18099939163917386,0.23500942135801725
0.3065,0.20479852474711738,-0.1589133462050861
0.306625,-0.2049373892814945,-0.11800065683815358
0.30675,-0.70517865397277,-0.011536697994724114
0.306875,-0.10181643806233466,-0.17845838141452056
0.307,0.10169969470405647,0.025940273504911137
0.307125,0.16184534630790098,0.2894570326570145
0.30725,-0.3467043711609018,1.3622079220394072e-05
0.307375,-0.5027519080138059,-0.20479965647736664
0.3075,-0.02936476221903428,-0.1150869327591651
0.307625,-0.016998234540367366,0.4134780821372953
0.30775,-0.045291676090500756,0.05194983478618108
0.307875,0.16460439794805057,-0.4157406136606747
0.308,0.025570118849360658,-0.4240030719850171
0.308125,-0.1560821469624693,-0.24597273363222538
0.30825,0.007252986621511667,0.0852891638699048
0.308375,0.5033546701822024,0.24607406193416745
0.3085,0.4464592031812236,0.25995771095035836
0.308625,0.07876999365136081,-0.12417593829581274
0.30875,-0.19331033700457187,-0.6193915006214916
0.308875,0.05879425134772956,-0.3866553038559804
0.309,0.27612756561557744,0.15659484721965078
0.309125,0.10767879864470134,0.2094368483663934
0.30925,0.21474342639023833,-0.2586404631464923
0.309375,0.07421281770487784,-0.3876971753070641
0.3095,-0.07433114516458947,-0.2692273303799969
0.309625,-0.10344247066402627,-0.10120601095174327
0.30975,0.25957434884682506,0.03550972638300786
0.309875,0.3172126235694757,0.222613719770045
0.31,0.13923953999980906,0.0028640757435971376
0.310125,-0.26404298242935204,-0.16145698667295594
0.31025,-0.050789352821025965,-0.1825618272023558
0.310375,0.28266443078942494,0.4918974946160235
0.3105,0.009936296715669528,0.3628042603923859
0.310625,0.21135350959868154,-0.008489772586082979
0.31075,-0.07210319562873976,-0.13607481067656643
0.310875,-0.18656397124279347,0.16013138137807378
0.311,-0.1340123160373407,0.0657185537855896
0.311125,0.030084769211526273,0.10317558461821416
0.31125,0.33379988142423933,0.2885266262746162
0.311375,-0.19310254856090522,-0.05919454047748926
0.3115,-0.1395819281903787,-0.18153743236035486
0.311625,-0.10376222134968194,-0.06562330686345479
0.31175,0.044832835885968744,0.34558555983948963
0.311875,0.22243409596314292,0.347385918853096
0.312,0.34499325358220156,0.0788161827473141
0.312125,0.10307192861475568,-0.20534723863580712
0.31225,-0.20463949314148117,0.11651262274767171
0.312375,-0.08356801363418065,0.15098447796689385
0.3125,0.22809319354389873,0.19997728929021832
0.312625,0.3686171331354634,0.12149275831896122
0.31275,-0.006885911175101177,-0.12383499280808191
0.312875,-0.28515694026038346,-0.2828018645441994
0.313,-0.27812148299785044,-0.4005818680125384
0.313125,0.27571978572610595,0.07382425471398914
0.31325,0.23868848993868103,0.09649285701822821
0.313375,-0.02270494874840011,-0.14168675931583863
0.3135,0.02123864880079724,-0.18454643648074207
0.313625,0.05797553364244033,-0.09716310806294393
0.31375,0.013713720154470303,-0.012690990807265252
0.313875,0.19173481172930293,0.31449039058294176
0.314,0.2829909635238253,0.19712115441772546
0.314125,-0.030815058107143734,0.31129757580076195
0.31425,-0.5920908104318693,-0.045847990728273856
0.314375,-0.2882815344601294,-0.20368657886015187
0.3145,0.5233272239407382,0.15928927053959896
0.314625,0.18729340565332392,0.39049195068614523
0.31475,0.021456267860685586,0.06307487219031095
0.314875,-0.25322451612767666,-0.26252910236124577
0.315,-0.23937669730301683,0.003126977775930987
0.315125,-0.1706418276702751,0.05335095389492913
0.31525,-0.03901334526083098,0.177926499792099
0.315375,0.1800004343252276,-0.06683436541627036
0.3155,-0.08522969994865745,-0.07333439112615613
0.315625,-0.5779581461256718,-0.07178528967814561
0.31575,-0.39481959957522955,-0.21896464688900585
0.315875,-0.03291486838451305,0.07178210621008026
0.316,-0.016807592931154147,0.304771671342016
0.316125,-0.17894851363612288,-0.13106375700226
0.31625,-0.30858566087219325,-0.5224333409806552
0.316375,-0.07066228850892131,-0.2862997887291537
0.3165,-0.17448838379886497,0.0390885993422892
0.316625,0.1805042433153803,0.24300746740818557
0.31675,0.3865265245253222,-0.14572104298473199
0.316875,0.2123244668088497,-0.224149583794284
0.317,-0.1032673688170177,-0.265697855050174
0.317125,-0.21049195141760052,-0.34258743755943044
0.31725,0.26309559804665383,0.019564008179271345
0.317375,0.42828893073388863,0.2601903296654521
0.3175,0.18138969800100418,-0.17727567734382274
0.317625,0.020481485901831676,-0.4769392150181548
0.31775,0.05059887777037914,-0.5217183953214801
0.317875,0.015190645511355627,0.03706619862167723
0.318,0.15421478068668762,-0.058675378369569306
0.318125,0.6796194709105351,-0.1533983254563984
0.31825,0.39109668388091606,-0.11400521198847482
0.318375,-0.2779502887642493,0.036200241677049945
0.3185,-0.2261534464540771,-0.165622125626025
0.318625,0.22581268731811047,0.15922886800534372
0.31875,0.22663616393508748,0.2533172131977155
0.318875,-0.004046192823008536,0.2563907431981634
0.319,-0.20498257204389358,-0.19046123029912745
0.319125,-0.04256214196206028,-0.15789975539085324
0.31925,0.021435133429728186,0.20919955711528085
0.319375,0.012777928264729699,0.4389438435063978
0.3195,0.3188241100273214,0.19449584962440625
0.319625,0.19841361376816208,0.13150270250339777
0.31975,-0.289043181397364,0.1223247579984833
0.319875,-0.29051525379085796,0.048912264462748496
0.32,-0.06568336380366566,0.38703446260012847
0.320125,0.2032035695491585,0.522015466839085
0.32025,0.212420720643164,0.2375263337910242
0.320375,-0.09397665737965694,-0.13720327260700668
0.3205,-0.2381163815239266,-0.1320812081642827
0.320625,-0.3473871622720732,0.23336917724922646
0.32075,-0.05106122888342215,0.35058974338454757
0.320875,0.20866046722439374,0.028601391850884852
0.321,0.2870039286179917,-0.09561398353239679
0.321125,0.02205635699151351,0.08093407417690784
0.32125,-0.4084345439437034,0.04204389063782111
0.321375,-0.03188820399899682,0.15592122007304385
0.3215,0.2946992618773094,0.11481881982841802
0.321625,0.08690796792383834,0.23782971445797657
0.32175,-0.29087784692311325,-0.17799666031229605
0.321875,-0.3245087357602358,-0.18612787406234413
0.322,-0.1204708971802084,0.12374269583428744
0.322125,0.010135882343730234,0.21940185263809303
0.32225,0.3066962769584812,-0.0524831103316727
0.322375,0.33827901262114446,-0.18352491608981855
0.3225,0.028083118085123464,-0.2128693884401456
0.322625,-0.414806377742806,-0.3367823517560102
0.32275,0.16896214328817055,-0.04130711630787296
0.322875,0.36425081749072075,0.26506316842243915
0.323,0.2534762677714385,0.3889672176254059
0.323125,-0.25747377394254645,-0.1727335888045745
0.32325,-0.28090805057856666,-0.1984470142894504
0.323375,-0.44764116812637483,-0.008588326162355176
0.3235,-0.026745156972510818,0.2917058487879958
0.323625,0.08548533814929453,0.0021268830014143907
0.32375,0.07389254175482486,-0.35998280196124777
0.323875,-0.2690746762192549,-0.30270694452015845
0.324,-0.5995533517980339,-0.13970282726418035
0.324125,-0.4059504656898075,-0.011466268196068649
0.32425,0.12538606151534948,0.28512619246092435
0.324375,0.17051580758527318,0.5561018376314271
0.3245,-0.06553811680360938,0.008486266807214173
0.324625,-0.06497497766731289,-0.37914569166186457
0.32475,0.0005728492076967522,0.10886851017802066
0.324875,0.06988943714840744,0.29181965809124605
0.325,0.06924932873426988,0.09947242074601198
0.325125,0.12997331883501506,-0.366546752003816
0.32525,-0.191365670937381,-0.37764584930395534
0.325375,-0.37904914336053747,-0.16354204338916223
0.3255,0.17431780967941216,-0.042703780900334005
0.325625,0.44303840854003756,-0.03754847306140038
0.32575,0.32544509292143153,0.023905545693570004
0.325875,-0.11264626215224575,-0.22521487822633668
0.326,-0.07790978383666249,-0.5808666154684461
0.326125,-0.11297384388258169,-0.5173986161409189
0.32625,0.024449149485629266,0.0695724323324791
0.326375,0.1451109333227746,0.1724336265380587
0.3265,0.31119716541486225,-0.07401237690137465
0.326625,0.26536387925780863,-0.26901648901028363
0.32675,-0.05527021512784079,-0.03863253443550222
0.326875,-0.035719981416469745,0.003540560710953769
0.327,0.3964282303055894,0.14747943598687624
0.327125,0.5530869268840676,0.28275225628170864
0.32725,0.0511234616741011,-0.187007372260489
0.327375,0.06346361176335567,-0.39362037911990067
0.3275,0.13202583209529622,-0.06318039393598306
0.327625,0.22574098927562763,0.3976057879727972
0.32775,0.2457664689011734,0.3290310306467193
0.327875,0.1666894529138453,-0.01879205621458545
0.328,-0.06750658491219136,-0.11014617701894651
0.328125,-0.1727052845499739,0.03546528366875461
0.32825,-0.10189480565724714,0.06618808179568855
0.328375,0.2694148178565135,0.05878741527095081
0.3285,0.3009559875446778,0.2684495161017648
0.328625,-0.17320673548421792,0.10599576486090805
0.32875,-0.36062081206627816,-0.13573450316317787
0.328875,0.018662510554280837,0.09660013201782788
0.329,0.1174156853399934,0.5229819712006382
0.329125,0.18354182312637962,0.3644095318024714
0.32925,0.0710163751633193,0.19621009588362243
0.329375,-0.3190949572778053,-0.06012999457087448
0.3295,-0.3777140967325421,0.2142165404369571
0.329625,-0.3868701319210333,0.26573947405363246
0.32975,0.03202831485296045,0.2460954541862495
0.329875,0.25073480202514214,0.012480558255121108
0.33,-0.06216021707442456,-0.14808187297424302
0.330125,-0.28736222609578793,-0.37939874524858624
0.33025,-0.012593711077272083,-0.21895019511514746
0.330375,0.03967502859115781,0.2956131223069363
0.3305,-0.09326048873350137,0.2330722836362348
0.330625,5.930146386236289e-05,-0.15317030474698276
0.33075,0.0780007081088754,-0.278813320817327
0.330875,-0.032258557715158065,0.10665674259093669
0.331,-0.14122344320588728,0.00970078425919743
0.331125,0.04715015325778053,0.24936699821303013
0.33125,0.254434838558788,0.07380487986549726
0.331375,-0.2327487082613945,-0.044972242577688955
0.3315,-0.17617452422589344,-0.37730515987268953
0.331625,0.11633278407847986,-0.3821556864975283
0.33175,0.16493122182265613,-0.022076388099970274
0.331875,0.08779312270781055,0.06974289189846546
0.332,-0.21374410142717723,-0.03570645460429365
0.332125,-0.1048675578387356,-0.1979960041418272
0.33225,-0.4516353940114346,-0.17132541010185354
0.332375,-0.4018437943624852,-0.06023277984994277
0.3325,-0.03934177645991883,-0.04272656233287285
0.332625,0.11518724326572054,-0.12178949360223104
0.33275,-0.09497261718958026,0.03127008212333397
0.332875,-0.1286928190417418,0.09060897694999663
0.333,-0.1146693327003404,-0.09080280689004405
0.333125,0.1938628051977983,0.2823958698193613
0.33325,0.028879853716630443,0.1565501228595512
0.333375,-0.034739849496409195,-0.19798969727395466
0.3335,-0.14614438039205943,-0.17751080113197937
0.333625,-0.2850796394571643,-0.009875078144449262
0.33375,-0.2775888651614055,0.1991891995557997
0.333875,0.18975985045003976,0.07009993533899796
0.334,0.3377354663324049,-0.12172416745878015
0.334125,0.05107670381016658,-0.2736455268262686
0.33425,-0.11926122107879274,-0.26038956930168916
0.334375,0.019675352621787597,-0.27706750985996853
0.3345,0.22533353506360762,-0.023144063777171348
0.334625,0.38271744152359344,0.13225623756473504
0.33475,0.3135477163340157,-0.1456181293498002
0.334875,0.2906976659811493,-0.3075540373173703
0.335,0.06739019466381409,-0.02102462409963422
0.335125,-0.04858305017013829,0.1484348516751484
0.33525,0.15440190136184812,-0.07542977203717473
0.335375,0.4088171296431143,-0.010497825465975412
0.3355,0.2991374292557853,-0.14177858530301782
0.335625,-0.15972055787872308,-0.1717695472209341
0.33575,0.03452963561698154,-0.22968856150629158
0.335875,0.1720891991032849,-0.04909868140262508
0.336,0.09789135031054746,0.4423508228623642
0.336125,-0.0900713562837469,0.18780417790682685
0.33625,-0.08257613925601043,-0.1723561879190513
0.336375,0.054992058202643086,-0.029569081332232183
0.3365,-0.10343667285194282,0.4205531483462881
0.336625,0.03323406702432172,0.2918495057373075
0.33675,0.4435066304716423,0.28160191524335804
0.336875,0.27413578334566785,0.24736541267790546
0.337,-0.18323205474958992,0.05293527836950345
0.337125,-0.21003353315045464,0.02826783774731968
0.33725,0.07668586000200564,0.14364277295367503
0.337375,0.2692355611981263,0.392821010210359
0.3375,0.13712573119304228,0.16845687477680402
0.337625,-0.17117076966353512,-0.08603484039518196
0.33775,-0.16963399604357512,-0.0831432720916468
0.337875,-0.2888522375296103,0.29052231447510196
0.338,0.02281047881274533,0.042631271676135576
0.338125,0.10803914229940076,-0.025111039943275258
0.33825,-0.025787696825660504,-0.02041381005925209
0.338375,-0.2685084716200383,0.047121923853572244
0.3385,-0.3486137925369635,-0.0050995794086727605
0.338625,0.18492692672627403,0.1160072133613755
0.33875,0.568560958354338,0.3515111795077382
0.338875,0.45988880941235594,0.2032681700729112
0.339,0.0869486976721402,-0.15364185837603975
0.339125,-0.3570858675230856,-0.2842488868441122
0.33925,-0.24328419007636137,0.10798054515073964
0.339375,-0.1980237358099818,0.22055230189688024
0.3395,0.24130843978257605,0.15881152614848545
0.339625,0.07704418144362775,-0.15074010664424728
0.33975,-0.3566718691371392,-0.26334764628814716
0.339875,-0.5614368751986907,-0.15668980733024218
0.34,-0.22345420842139266,-0.09740279042469834
0.340125,-0.0634304776629183,0.264105843042026
0.34025,-0.12080691758925174,-0.08451344946990533
0.340375,-0.1809474540228585,-0.25110547751490364
0.3405,-0.09804365048661984,-0.19511705489155545
0.340625,-0.06399774701052274,0.2781339287671285
0.34075,-0.1801281542177219,0.49303868773875303
0.340875,0.022149561011898918,0.2150330632529165
0.341,-0.15931730342183162,-0.01564051014311585
0.341125,-0.12140513204345466,-0.1180695039119351
0.34125,-0.3980772637428124,-0.16743676621339956
0.341375,-0.04563556710891814,0.005577067617099038
0.3415,0.03409636869672279,0.08735429573027888
0.341625,0.19904320111978308,0.09566812899643669
0.34175,-0.1493564724803958,-0.42688890640276683
0.341875,0.1214532488736485,-0.5749248154665555
0.342,0.1102383450726546,-0.1424553427147392
0.342125,0.2219177778470641,-0.07346854935475768
0.34225,0.29116924203429684,0.050288935933940467
0.342375,0.23330496995547184,-0.20109357431792874
0.3425,0.013939186545792183,-0.21421108809568995
0.342625,-0.1545009838285616,-0.11102768470375113
0.34275,0.03845860519654937,-0.055439613879892866
0.342875,0.34746117855152997,0.07799697128487097
0.343,0.31430215718658655,0.015799663379786187
0.343125,0.05200403441052867,-0.24850900622796573
0.34325,0.05330974045038536,-0.3681751842264974
0.343375,0.06254793779531721,-0.08015711277445954
0.3435,0.07239206740039687,0.1991596376477851
0.343625,0.2546032076866027,0.04787259141062754
0.34375,0.35606837201632047,-0.09566238973310155
0.343875,-0.015478969032233357,0.12590218428255026
0.344,-0.3437685253212544,-0.021652070274646697
0.344125,0.11876695656438911,0.10485705480462057
0.34425,0.34002230129755834,0.2742763621394313
0.344375,0.19056593044899045,0.3585288996347675
0.3445,-0.16063344109816294,0.12792170698909755
0.344625,-0.31947906777733037,-0.14197405658769127
0.34475,-0.23379811475520879,0.16687355989672348
0.344875,0.0667616805122928,0.3667420002702061
0.345,0.061626936089196914,0.19385695993702376
0.345125,0.3396756772415599,0.029015889491785404
0.34525,-0.11836387138056642,0.03364340707577249
0.345375,-0.17887079399258066,0.00602483501116204
0.3455,0.06596793348043369,-0.026879368111452057
0.345625,0.4827850593619442,0.0681935784303434
0.34575,0.15221366807736258,0.14314109849730428
0.345875,-0.27512170406313213,-0.028229528631899974
0.346,-0.3188610226481757,-0.2565394280981664
0.346125,-0.07086049829522499,0.03830751834545378
0.34625,-0.15243862631888272,0.28761031293004485
0.346375,0.03738351524891044,0.3255199578446109
0.3465,0.1287438448703127,0.10020051569290157
0.346625,-0.14622248236825738,-0.22687915022426855
0.34675,-0.46724239052482675,-0.04377070008254349
0.346875,-0.0896717167921472,0.033212623419560015
0.347,0.2568866323671316,0.05451637129232252
0.347125,0.3336360616682433,0.26353496286437905
0.34725,-0.2685689304408616,-0.05902003684246697
0.347375,-0.40056931769582704,-0.21711557642825818
0.3475,-0.08870214405310149,0.025503458391318547
0.347625,0.026004539721697743,0.3750887384568725
0.34775,0.08475930566070491,0.16180685191738448
0.347875,0.028740516160697765,-0.20927157223512577
0.348,-0.19335869660135604,-0.3328094328587812
0.348125,-0.4865206437398307,-0.18009146443424354
0.34825,-0.27209442724621963,0.19750764729789977
0.348375,0.14886381610646118,0.1249292134024256
0.3485,0.24953297980229858,0.044264954692191674
0.348625,-0.13905167709255492,-0.10352338408789602
0.34875,-0.3886870952761763,-0.28129565455762795
0.348875,0.005006187711823277,-0.21243674939287568
0.349,0.08943818076807965,0.16672505142065785
0.349125,0.08771955735444038,0.286441876121189
0.34925,-0.01695533734905398,-0.3369170591360527
0.349375,0.015443196605318727,-0.37156066136841476
0.3495,-0.34974657590131797,-0.19024779188977486
0.349625,-0.27152030109992387,0.027510386294203774
0.34975,0.032155495548071115,0.07237573721928349
0.349875,0.20032853013418517,-0.03415518906950896
0.35,-0.182527211176842,-0.1767263517212384
0.350125,-0.36073750417769196,-0.46141559997828513
0.35025,-0.0863044791152486,-0.24672345413057795
0.350375,0.19028739193877767,0.13964154924486763
0.3505,0.16587073784556872,0.18312539651628063
0.350625,-0.027666260457309255,-0.21374549732176254
0.35075,0.08451464247490138,-0.1634617487264349
0.350875,-0.06437862007804776,-0.09451415204623538
0.351,-0.17155899514638617,0.06068247543249925
0.351125,0.16358146201923962,0.14346076093129265
0.35125,0.34554164492669515,0.058088221562191504
0.351375,0.11183664079091651,-0.09337554778449188
0.3515,-0.11222996436391647,-0.14302031929483958
0.351625,0.024858446899010046,-0.18550060415444378
0.35175,0.31313081685277466,0.08678123031257509
0.351875,0.09988287438529711,0.27861426969823205
0.352,0.15250362417431862,-0.1630967456706389
0.352125,0.21672264300692295,-0.32562640463242515
0.35225,0.006178579177690316,0.01588623041714925
0.352375,-0.08192049183349898,0.25813623607290637
0.3525,0.1871801001612945,0.1091966036036861
0.352625,0.3490695769011337,0.014476015491598956
0.35275,-0.13214908397161615,0.06219845521756187
0.352875,-0.2276729555611796,-0.0869183226529116
0.353,-0.24606341559442596,-0.08344906947707144
0.353125,-0.025140192796224186,0.21633970151951362
0.35325,0.30433720034832873,0.4195854277122505
0.353375,-0.06050102327576108,-0.006985179533188295
0.3535,0.02555449325370547,-0.2610553406013971
0.353625,-0.060696716807551156,0.05286891599153255
0.35375,-0.22050504167162646,0.09933297066018064
0.353875,0.1846168856583008,0.12757673209956377
0.354,0.34665477192726313,0.05996300267717197
0.354125,0.037728600315375733,0.1175453961392111
0.35425,-0.2395996565096822,-0.13998648389615514
0.354375,-0.17401031637860231,0.1048801935692332
0.3545,0.18791260450662334,0.10512832144525174
0.354625,-0.009463493283719473,0.34008153605559993
0.35475,-0.03225929611530902,-0.00980983616374386
0.354875,-0.21489481375868555,-0.13298789182528373
0.355,-0.06536014381226941,-0.07518886069820283
0.355125,-0.17123440274805798,0.04179754620852385
0.35525,0.08724078770771636,0.19611682317720514
0.355375,0.26670969136104833,-0.031036450772066956
0.3555,-0.007041930677965552,0.02835195377306305
0.355625,-0.5333591226279095,-0.13391405661854536
0.35575,-0.3392621687742003,-0.23291587791744542
0.355875,0.092381815666568,0.13644528118744406
0.356,0.2992998622587541,0.22639141487487915
0.356125,0.06539646027442961,0.008053870252878362
0.35625,-0.12077007760567317,-0.16120718544443774
0.356375,-0.18163793813617812,-0.0403315713470022
0.3565,-0.2927113230931132,0.06933000901778227
0.356625,-0.07682539331516348,0.0871157192488397
0.35675,0.11008270115539116,-0.11862426851490068
0.356875,0.06664298792402551,0.05998454511422107
0.357,-0.3968266475736224,0.04589946552192908
0.357125,-0.49233891926138995,-0.11160554554006012
0.35725,0.036691955267409856,0.08138618224201889
0.357375,0.08647554023312073,0.35702898135181427
0.3575,0.09153133981115665,-0.049360064550893985
0.357625,-0.14149387339078487,-0.39408856198510833
0.35775,-0.2439011835098007,-0.23282399152893102
0.357875,-0.09303640930726317,0.07692307268273038
0.358,0.13396009578565235,0.19120108241799766
0.358125,0.11405004513891806,0.06819878385641238
0.35825,0.040801179873044296,-0.06839566102114857
0.358375,-0.2711990793629657,-0.07663770294147768
0.3585,-0.2179372794041536,-0.031933911581276134
0.358625,0.14117192604093182,-0.10950509822793432
0.35875,0.4779610549383745,0.22956591070623283
0.358875,0.2753703173618025,0.006053309203992054
0.359,-0.02956694369512062,-0.30218536135306573
0.359125,-0.08790652231652081,-0.5066444630420309
0.35925,-0.04672846783045215,0.08211164159793181
0.359375,-0.10870793254423969,0.20283201135802936
0.3595,0.26548589146869367,-0.09655377891876282
0.359625,0.06243701886081196,-0.22489657827128728
0.35975,-0.04158859559232414,-0.1498653943144138
0.359875,-0.24288044264839556,-0.13296895279082113
0.36,-0.0306364577989385,0.0743799857986801
0.360125,0.4462940818483372,0.28525974438888124
0.36025,0.13110205868671077,0.05509152540965944
0.360375,-0.02392117987180198,-0.4169199795299265
0.3605,-0.11117261032429865,-0.24546399811334435
0.360625,0.028689512539622257,0.1929060659159379
0.36075,0.1556598802686825,0.4364405548732867
0.360875,0.2234752189169279,0.38178250581578654
0.361,0.14865964531608172,-0.02762924632826961
0.361125,-0.252876301028575,-0.05592675473879655
0.36125,-0.07300472692616689,-0.23222802970121248
0.361375,0.418145154351914,-0.036205983361012994
0.3615,0.6954074049133159,0.36829372863502974
0.361625,0.35722815533810887,0.3473579277065288
0.36175,-0.07684569432294053,-0.20407014474329055
0.361875,-0.007969084059693366,-0.21313373048367137
0.362,0.012539617118581717,0.0454800192777905
0.362125,0.2430943382964317,0.3045093946592253
0.36225,0.010829797253317966,0.2846166300300138
0.362375,-0.13658844558926303,-0.08813427857160604
0.3625,-0.17318959319146127,0.03265189260297764
0.362625,-0.16513464442091125,-0.033569215281430476
0.36275,0.16827506251439497,0.023257110148491213
0.362875,0.41131067269534116,0.08718692907162696
0.363,0.12186715943844242,0.063273211727051
0.363125,-0.36912266181379755,-0.11396134557019652
0.36325,-0.2536298329699731,0.02762109279553321
0.363375,-0.15243182088531912,0.4481413540963883
0.3635,0.026634693151462115,0.5585172257880093
0.363625,0.2782920657885274,0.3288206272200261
0.36375,0.08748554385610724,0.00452755552674655
0.363875,-0.08631757229310026,0.12767331404623708
0.364,-0.5107917733554884,-0.04932126645389536
0.364125,-0.14513217483464977,0.13522803182188073
0.36425,0.08388369793486272,-0.05487386905129369
0.364375,0.29996959462008266,-0.05187971062558436
0.3645,-0.10444675364110433,-0.06794438581954962
0.364625,-0.17481098070853615,-0.1677627875476333
0.36475,-0.2690594041266517,0.1756161203449384
0.364875,-0.11591223608895733,0.34425817798102604
0.365,-0.20764108544448048,0.03005898995332546
0.365125,0.2783224557559974,-0.09681653615217013
0.36525,-0.15056263205512135,-0.2987302639267691
0.365375,-0.16271642795894148,-0.22889266600425837
0.3655,-0.1775602257112315,-0.03166578119309475
0.365625,0.2972663397313426,0.05752503997946984
0.36575,-0.12899515154327493,0.1366570031798382
0.365875,-0.29583575454014605,-0.1324922105862865
0.366,-0.3280153027497188,-0.5375351161515827
0.366125,-0.14625089617759127,-0.12350803310693792
0.36625,0.021642698102245804,0.21459497766189667
0.366375,0.03207695418523345,0.06253314242190833
0.3665,0.25870486379249374,-0.09835628362195199
0.366625,-0.3183003039307577,-0.20561430948055898
0.36675,-0.39855461003583925,-0.14312567876991625
0.366875,0.00017089013192763696,-0.09161091830263868
0.367,0.5219909100090906,0.09282928199666773
0.367125,0.42520141832885244,0.18172678402454953
0.36725,0.1488284453471274,0.11724683072227231
0.367375,-0.05439846902514807,-0.31362836662047205
0.3675,-0.06727305757258738,-0.07362645171370155
0.367625,0.18603907142949502,0.1613639762141218
0.36775,0.336589702299601,-0.010278240177459586
0.367875,0.295354904561594,-0.36771053857096153
0.368,0.17266048259353511,-0.38327701761315425
0.368125,-0.2036335051140588,-0.08497327647963825
0.36825,-0.12228208189611323,0.02724433426874297
0.368375,0.26022112741505415,-0.06853774455138656
0.3685,0.22406970373120216,0.13423818850462713
0.368625,-0.17988998866027683,-0.1676121209938957
0.36875,-0.25442398334700794,-0.3825565008027029
0.368875,-0.03299194198474541,-0.24237268259409592
0.369,0.28024493384439997,0.2917821463814652
0.369125,0.14750424906983403,0.46853734894537513
0.36925,0.15988113078237542,0.02576299165352733
0.369375,0.048043687589924444,-0.2231798824359701
0.3695,-0.15552177424626967,0.07045657140218495
0.369625,-0.15740007295370004,0.15671786799955162
0.36975,0.2664135041713005,0.3415234193783703
0.369875,0.4410630320865065,0.3253859388974912
0.37,0.039610820147785296,0.10047795040388303
0.370125,-0.2013870500479647,-0.05165500291766341
0.37025,-0.0604921092672249,0.013561122491720107
0.370375,0.14479264264729622,0.39179430603206905
0.3705,0.22257845362026185,0.2424538537254581
0.370625,-0.022175221902717153,-0.12134591607437953
0.37075,0.037051902144512136,-0.32097551302581445
0.370875,-0.06292262114720348,0.060126266640820776
0.371,-0.11182032010238037,0.18200387888635128
0.371125,0.09020518136561517,0.22100233381170714
0.37125,0.20080006762524288,0.05532125212223542
0.371375,-0.04769469693137564,0.05312198904271775
0.3715,-0.38048297017975174,-0.1761824610662488
0.371625,-0.223612671165888,-0.22797572219975096
0.37175,-0.05431651983316239,0.31796351624000024
0.371875,0.024763427916093754,0.4522190612943592
0.372,0.08053113669435362,0.14322891174247585
0.372125,0.08054713929430042,-0.17982844475155824
0.37225,-0.25891675689374316,-0.042163044640077654
0.372375,-0.3493270278711819,0.08084883262845548
0.3725,-0.0996822968661472,0.05973816449300655
0.372625,0.23475455425666888,-0.11053252496570139
0.37275,0.29856837057727825,-0.024958722978399694
0.372875,-0.2568493724332048,-0.25323229178571866
0.373,-0.18186155121977113,-0.010181351001286115
0.373125,0.10320849696678207,0.11810165754453737
0.37325,-0.10120250915230113,0.18885287871308834
0.373375,-0.00645374930222871,-0.0070124673204234635
0.3735,-0.056181724608280484,-0.44920668336162806
0.373625,-0.2781028474896429,-0.31067847157798034
0.37375,-0.4663464760558451,-0.023918624413194808
0.373875,-0.1202573671834364,-2.8816354489448815e-05
0.374,0.32248965553738407,0.08114451745278412
0.374125,0.004768416493142042,0.029826623949693168
0.37425,-0.3681632045857372,-0.2822182231881231
0.374375,-0.2694157603279749,-0.37279308061205996
0.3745,0.02384461254771841,-0.08230922800158255
0.374625,0.1895547981336146,0.2835862972584284
0.37475,-0.2075360337191186,0.049852812471825166
0.374875,-0.08916577602248951,-0.2000712320287609
0.375,-0.27117237900383495,-0.0766306394857551
0.375125,0.022589575176450095,-0.05050559838841904
0.37525,0.24981385068924739,0.1471462151821921
0.375375,0.6049483345379569,0.07547580327501238
0.3755,0.17648972567722757,0.03334979663743918
0.375625,-0.2876193301481738,-0.140508553171642
0.37575,-0.1540179705435082,-0.4409304286666048
0.375875,0.11446359825718422,-0.12111507897815448
0.376,0.4872030698164767,0.08561330876746091
0.376125,0.13983643210855512,-0.0025418770520835407
0.37625,0.06111729574811189,-0.2754569736341231
0.376375,-0.05965338373728105,-0.2712545716251267
0.3765,-0.0674778208665925,0.00561834804580528
0.376625,0.24069799413329365,0.14848188981373914
0.37675,0.4755865131938543,0.0011867477261906535
0.376875,0.31475852728814074,-0.09609809848425176
0.377,-0.17685258732967823,-0.1979976315166236
0.377125,-0.17415578132992518,-0.0902099408863227
0.37725,0.2755269050164063,0.24249175863818714
0.377375,0.3564938009243081,0.45764829404377716
0.3775,-0.007540108957280746,0.21166720711097617
0.377625,-0.1528295657887805,-0.26997768894259555
0.37775,-0.2018737447111707,-0.20825657022459265
0.377875,-0.3015356788689142,0.26890257821632924
0.378,-0.10401420894156063,0.4710572083684305
0.378125,0.32553019096512237,0.006209235592000746
0.37825,0.24988076359193503,-0.07042105136724405
0.378375,-0.22448214449276255,-0.02351689627037087
0.3785,-0.16547463107314614,0.14038836241702987
0.378625,0.10444047162785489,0.2385681178480983
0.37875,0.2960008606055419,0.4451020317218459
0.378875,0.12656749438497525,0.22531415251624473
0.379,-0.07027426757372023,-0.2476278736750748
0.379125,-0.20944116536970372,-0.22434223718058682
0.37925,-0.060876948788451596,0.031735617110816086
0.379375,0.2153787366790766,0.39176719623645695
0.3795,0.26399555022867205,-0.07108392194965846
0.379625,0.1548644808338219,-0.19830635085638612
0.37975,-0.25234293557845383,-0.024112728280933866
0.379875,-0.3990514452267932,-0.16616330875047142
0.38,0.018939139198665793,-0.027220179827089335
0.380125,0.2242743384785239,0.05150870323449287
0.38025,-0.041086671448939655,0.21038141060241516
0.380375,-0.1454449754098997,-0.1721400491728383
0.3805,-0.09626235695576901,-0.1365029732615499
0.380625,-0.06920631872103887,0.201426689862685
0.38075,-0.11204167222911601,0.26623428900901563
0.380875,0.1928363672403045,0.16565220251595425
0.381,-0.23617480879295794,-0.10262736465571755
0.381125,-0.40121283070919866,0.01860121626871373
0.38125,-0.2813895684409082,0.019340467679779517
0.381375,-0.050194846176038053,0.19325699563318793
0.3815,0.20196006649275705,0.24432620296683435
0.381625,-0.06867032968794472,0.11084629737160345
0.38175,-0.1411451939632951,-0.34776722752816763
0.381875,-0.18865017786163812,-0.3549290273042922
0.382,-0.232641188747592,0.09577896405172412
0.382125,-0.1258913510475698,0.19667212681812515
0.38225,0.003508495659515428,-0.046941241948771965
0.382375,0.03657137623503312,-0.1107103283590484
0.3825,-0.11480890409982393,-0.0077450457323259185
0.382625,-0.4295025773149478,-0.08172557514813206
0.38275,-0.06985799449536187,0.10377022332805483
0.382875,0.2452663889756018,0.17198854330195804
0.383,0.08270292497318002,-0.05911743005791668
0.383125,-0.3447826415482255,-0.4451225785350892
0.38325,-0.3637835726180391,-0.32532045191184567
0.383375,-0.15115112633208666,-0.07614324376781015
0.3835,0.06827509772646394,0.21660678647066997
0.383625,0.4976707255644657,-0.01168680039237573
0.38375,0.6123250449164267,-0.17418153599985126
0.383875,0.1416420576590793,-0.13815496328164428
0.384,-0.29712792387536247,-0.0786507118743685
0.384125,-0.0016012723212133493,-0.33890040537635463
0.38425,0.4188888040011814,0.0014010475351708498
0.384375,0.1976132290531471,0.07916975297263891
0.3845,-0.08779511212457743,-0.1760450873304702
0.384625,-0.05213406917759632,-0.40494211850640666
0.38475,0.18881994842934227,-0.053494264776492995
0.384875,0.04816949361484836,0.23715128409450012
0.385,0.22712473983685474,0.07406712465966853
0.385125,0.19684647467692737,-0.3289774002077121
0.38525,0.0019405403474901238,-0.2756024425228156
0.385375,-0.39429730219071757,-0.15308305043799894
0.3855,-0.18842697221186558,-0.04978820964679703
0.385625,0.3462113326642604,0.4551342937055812
0.38575,0.29013821451470423,0.36748299236117943
0.385875,-0.147704553471289,0.21182804515872822
0.386,-0.05863792613309403,-0.16918802303406835
0.386125,0.14885768956969223,0.11858801328086073
0.38625,0.5182287631370472,0.31390623988449157
0.386375,0.30086237631660395,0.21393836313282394
0.3865,0.35810648648611787,-0.0011715772579367276
0.386625,0.06876751064492144,-0.21814517482517062
0.38675,-0.1619921586658744,0.22830200245463197
0.386875,0.09444966477866382,0.21847349550406978
0.387,0.2629740972524809,0.03972329832536132
0.387125,0.2514925765556906,0.08586914791848699
0.38725,-0.18141132049657874,-0.18665332753710867
0.387375,-0.33443350645916914,-0.32874637314028066
0.3875,-0.18515819716745818,-0.1192259866258518
0.387625,-0.12193188360878832,0.19410269862144666
0.38775,-0.13954939424986146,0.2666600910264136
0.387875,0.0011863373935682496,-0.21532263743105146
0.388,-0.22064934383803886,-0.1343274415992198
0.388125,-0.3825953781562966,0.25146024303472486
0.38825,-0.22700175840910197,0.5084418934374437
0.388375,0.32943443382028004,0.24249515747422562
0.3885,0.2598847117582926,0.29764808134067033
0.388625,-0.18503160683717002,0.04348322669473523
0.38875,-0.4773093485237857,-0.27402963346328574
0.388875,-0.16370736316066886,0.1960262688285304
0.389,0.09585935066367426,0.195271459619906
0.389125,0.05300633561574998,0.19995208769005648
0.38925,0.3764829155021061,-0.2554607760381795
0.389375,0.15169417808499466,-0.36101248989802004
0.3895,-0.18232233148366161,-0.13993444832390148
0.389625,-0.252192179347743,0.02768981951302465
0.38975,0.12732056322189353,-0.08833378008020912
0.389875,0.32843911894581973,-0.09956503670979419
0.39,-0.13280303806188318,-0.07398712595289512
0.390125,-0.41842250478774007,-0.32411101402526593
0.39025,-0.41458340638620345,-0.09593404811080938
0.390375,-0.06733475391797908,0.1570597175936033
0.3905,-0.071798549518587,0.0512185973839238
0.390625,0.0046491012853019445,-0.09815367572564623
0.39075,-0.04379662164045791,-0.2534368490918234
0.390875,-0.28375504567148396,0.0498912789540967
0.391,-0.28152099916411755,0.04803283429384641
0.391125,0.07184963383015794,0.18728293837780197
0.39125,0.4267740061645739,0.2621780307135989
0.391375,0.2284932854964087,0.08679566676181105
0.3915,-0.35898177899312966,-0.3215036205427623
0.391625,-0.13435713464209986,-0.25887952513492035
0.39175,0.1066554207554687,0.16562061222358063
0.391875,0.09581096376292574,0.2796392359960118
0.392,0.02825940176286312,-0.05741643059626087
0.392125,-0.007510666272810675,-0.5337062677069855
0.39225,-0.3306744955267169,-0.2564857917667099
0.392375,-0.3202554897141607,-0.160134025678616
0.3925,0.18632728205585336,-0.06808800995744559
0.392625,0.6651474514508765,-0.03698749055929929
0.39275,0.1690291288463139,-0.08944927050514694
0.392875,-0.10740294812812802,-0.37855096907402774
0.393,0.06505227732430197,-0.2869195405454775
0.393125,0.44519522220578905,0.2516369277985488
0.39325,0.2577931046835147,0.24245181072197464
0.393375,0.1369864308073409,0.06632637619270457
0.3935,0.2038393283176922,-0.46419739925184306
0.393625,0.11083234273238357,-0.1994833023991722
0.39375,-0.0872062666109406,-0.011599208714214127
0.393875,0.3332965831550807,0.015364401962033534
0.394,0.6206193961755322,-0.043406961025502025
0.394125,0.16134126711039712,0.06801233706518302
0.39425,-0.3351116415102619,-0.31488390887173
0.394375,-0.38263559340152925,-0.20139876398290055
0.3945,0.06768083877487538,0.0787545298107099
0.394625,0.045721798054785746,0.5950231002770265
0.39475,0.13485148579015768,0.10802230768511839
0.394875,0.12967162927625006,-0.05210195806421377
0.395,-0.04656721795536307,-0.020192208617427154
0.395125,-0.08082817873524357,0.3482551777665454
0.39525,0.051653600917048785,0.30157493060961804
0.395375,0.44808550150814463,0.28105670969727053
0.3955,0.05644464034497686,0.22888281993757448
0.395625,-0.4699313942125711,-0.12973801572162313
0.39575,-0.23207622949725568,-0.18318782885345722
0.395875,0.06923692698764487,0.25390112236749973
0.396,0.22926762193625067,0.5217997542760832
0.396125,0.13444433561737484,0.25238206431063404
0.39625,-0.11251544306362171,-0.29469316590049127
0.396375,-0.22271784132402303,-0.16328935510040513
0.3965,-0.339510380272922,0.16348653363769097
0.396625,0.009277669483989023,0.1876257519963095
0.39675,0.3916251001181333,-0.023330333099760077
0.396875,0.05819849247987356,0.11182527194385296
0.397,-0.40346872842079273,-0.10547588332187043
0.397125,-0.25969895862402653,-0.06821155429695612
0.39725,0.2733520496160541,0.07616602264347513
0.397375,0.46230985680947534,0.1789316468236429
0.3975,-0.009700441981326902,0.08075780406147175
0.397625,-0.28440611566210783,-0.31005658090967536
0.39775,-0.3603531071729456,-0.2733880789547786
0.397875,-0.20808434684409197,0.2399097617349949
0.398,0.099299116021298,0.4374438303399017
0.398125,0.3225578003017312,0.0055563841785968085
0.39825,0.19723804754518473,-0.23340899480300273
0.398375,-0.4806626195574164,-0.1522579834113256
0.3985,-0.352453889829323,-0.35272056755004394
0.398625,-0.014100779654938264,-0.17212669538252948
0.39875,0.07873569966998563,0.26791514469705535
0.398875,-0.31810174569478095,0.013560600749300652
0.399,-0.5345373742551568,-0.4566374091571284
0.399125,-0.31786051918701785,-0.20239789195072755
0.39925,-0.17280105645506938,0.4208868552129767
0.399375,0.0369180016521638,0.5041871681636211
0.3995,0.21158499073967468,0.009150081984705535
0.399625,-0.10446576657385213,-0.2436647505134923
0.39975,-0.3449561268961062,-0.22363186118149128
0.399875,-0.2997328408829316,-0.10076757903987697
0.4,0.007917191002275187,0.009023322218325767
0.400125,0.4769627031300799,0.2310181297540206
0.40025,0.2607887804771966,0.22792305524096274
0.400375,0.06439031746791561,-0.38523191370990684
0.4005,0.041096734693648836,-0.4211982421535284
0.400625,0.045064507347908726,0.09181990248755202
0.40075,0.0023344121031801594,0.1614156277300864
0.400875,0.35488814033391397,-0.32333190294214414
0.401,0.28729656915170954,-0.5700225607994841
0.401125,-0.10968866192241547,-0.3012832690983384
0.40125,-0.5919450809356787,-0.07733118638468471
0.401375,0.07303862684926353,0.03486381894808115
0.4015,0.42853667866860123,0.1762584558583458
0.401625,0.31564497986202955,-0.07532813738686482
0.40175,-0.022087626928648487,-0.3599962948613718
0.401875,0.14712943085433794,-0.34070832790703043
0.402,-0.01813881865961449,0.04349353170272551
0.402125,0.24830775916859749,0.2930564691978403
0.40225,0.5569110803817119,0.2856131892865892
0.402375,0.6225216957421762,0.12259159148021499
0.4025,0.04437926933395554,-0.041526894006954786
0.402625,-0.3501461131345779,-0.10085189173504255
0.40275,0.07253315690796104,0.0842976990161858
0.402875,0.2510551610897122,0.08270990909670076
0.403,0.2592518837293766,0.2577326916270911
0.403125,-0.23040047551486473,-0.2031999237153381
0.40325,-0.27001013361538173,-0.4504770859952562
0.403375,-0.1379558648726677,-0.002219718322570074
0.4035,0.10124717597690878,0.4294720786345018
0.403625,0.36743060161344093,0.18396433303023
0.40375,0.24710017637913292,-0.009282102988656308
0.403875,-0.2767709814862441,0.006058058164417517
0.404,-0.3858703591568268,-0.0025232040591096046
0.404125,-0.24603141033185844,0.10024458098068323
0.40425,0.3327492632254604,0.552912860128402
0.404375,0.288419797210803,0.42501703008503966
0.4045,-0.20040177192533898,0.0022284418573823464
0.404625,-0.5209819656435487,-0.26312206942097704
0.40475,-0.09172063290957642,-0.05345952006543465
0.404875,0.0905008045163789,0.3764753275584475
0.405,0.29561659818620273,-0.0020943116874224768
0.405125,0.28882792548624103,-0.4061299839624585
0.40525,-0.11571410127895289,-0.30100607443057104
0.405375,-0.3775067970752604,-0.20127278287186362
0.4055,-0.12356552013960481,0.22738094131235892
0.405625,0.3518427326518901,0.20348304243636753
0.40575,0.19404383331723468,0.2572305184982132
0.405875,-0.20511172716934956,-0.2935826243541066
0.406,-0.28655495796071245,-0.5217163541035165
0.406125,-0.27639700105400594,-0.05018709589013312
0.40625,0.03423369948261997,0.5050757377236913
0.406375,0.034155908781694916,0.3165026980508977
0.4065,0.10014821524499126,-0.28918585805861075
0.406625,0.01910851721269632,-0.10552460704597737
0.40675,-0.7216460920676745,-0.1249674615482216
0.406875,-0.468577498418828,0.06914483285496079
0.407,0.1597176554006529,0.2743405471781557
0.407125,0.13279873504863096,0.28214907972440106
0.40725,-0.36819683223916505,-0.0425763499271668
0.407375,-0.42527104045276304,-0.2962865280967335
0.4075,-0.1653989206692237,-0.11506259790492232
0.407625,0.23274349290298507,0.30155578458952004
0.40775,0.09375054367391246,0.268460870379905
0.407875,0.12779485124184267,-0.08582083143323746
0.408,-0.07146665072523221,-0.19766578046934177
0.408125,-0.4535762095163226,-0.26749272601974
0.40825,-0.29878508603676396,-0.1353338472620293
0.408375,0.3675529080549576,0.13610521140397733
0.4085,0.47117159092202127,0.07060912386321001
0.408625,-0.30585566287359006,-0.03806826105158758
0.40875,-0.4383427892657293,-0.6128655971382309
0.408875,-0.07375658930958684,-0.5540867999168133
0.409,0.21380384517504106,0.15236844116125997
0.409125,0.4391806379344257,0.3278535207661355
0.40925,0.3965579588092356,-0.31906538288467484
0.409375,0.3923534211909303,-0.4768603384037518
0.4095,-0.26461853689507253,-0.08802965647937436
0.409625,-0.15968054491630904,0.0477262101058683
0.40975,0.4666556491125642,0.1749234143623519
0.409875,0.8093572761458829,0.05696258971295642
0.41,0.07635721116292933,-0.1382113896890424
0.410125,-0.5494853214821478,-0.31600360557676804
0.41025,0.02201781695853016,-0.13326144321214134
0.410375,0.3266721834021108,0.15709498904371197
0.4105,0.24852568693402732,0.31160862232030917
0.410625,0.10998056731326704,-0.1696239032571975
0.41075,0.23606787119873765,-0.3653009877989272
0.410875,-0.24240040257202455,-0.11805811518331544
0.411,-0.29411173765757076,0.10601776878404424
0.411125,0.22969127741390122,0.32323665390163
0.41125,0.386011634260887,0.31654285568967044
0.411375,-0.19282603416695807,0.19703829713864182
0.4115,-0.30760318422084515,-0.2330602158852007
0.411625,0.11469799400874654,-0.02382380873451807
0.41175,0.31399360212345906,0.6076261199996619
0.411875,0.17453754895889587,0.7293563445063388
0.412,-0.08819287280483717,0.09533600704653653
0.412125,-0.1153598704305131,-0.3213021482263696
0.41225,-0.18398605410924482,-0.1295475526792662
0.412375,-0.3552116335898544,0.19576170288512795
0.4125,0.007363003838093559,0.13941746841352845
0.412625,0.5953095051180761,0.059826902163531155
0.41275,-0.02721744188890155,-0.050011414056032474
0.412875,-0.27066461408184833,-0.3235519535065216
0.413,-0.019152537068488663,-0.25434494035809124
0.413125,0.3284707595243793,0.29780921540813626
0.41325,0.26054644676584016,0.3662148037457354
0.413375,-0.005442443295812193,-0.1455388957435605
0.4135,-0.12749164518105235,-0.22433247685065918
0.413625,-0.08008161046386138,-0.10722504674748985
0.41375,-0.2835542834863753,0.3403971612464863
0.413875,0.1960684895427758,-0.02724437299138229
0.414,0.6150515177765804,-0.06896741786480051
0.414125,-0.11721499151559958,-0.01509548911423144
0.41425,-0.5008739589888095,0.023626088305160494
0.414375,-0.35183338519363144,-0.265868353812182
0.4145,0.11720855118836154,0.06312986257048107
0.414625,0.2028853072336554,0.39959972506447017
0.41475,0.18552720797807537,0.13610714655418044
0.414875,-0.180566122867645,-0.4274890300353862
0.415,-0.45448278928194746,0.010236281892423985
0.415125,-0.6522514356447914,0.25535648782312886
0.41525,-0.23801572281404712,0.17270998635765328
0.415375,0.4270653290192121,0.21238161029127847
0.4155,0.07426254781070601,0.03935956248526482
0.415625,-0.5692330764527915,-0.11365377780573784
0.41575,-0.6078974347269452,-0.2781945674939272
0.415875,0.12667387181379977,0.2103601287424437
0.416,0.27579245965130816,0.48639412063253934
0.416125,0.1516074410783036,-0.07026908734103456
0.41625,-0.1582369450964233,-0.3660036697406996
0.416375,-0.1638823215151821,-0.40890202546216503
0.4165,-0.278482872855916,0.01992210427824903
0.416625,-0.16212942224845825,0.34839231003662896
0.41675,0.40139520118856387,0.08780069677281557
0.416875,0.3516456349284114,-0.22365118403435552
0.417,-0.3361246401463379,-0.37967893182664414
0.417125,-0.09773062466789599,-0.7143663956846887
0.41725,0.22285942485129145,-0.16868528166350244
0.417375,0.45099616934256337,0.43877891568240407
0.4175,0.15460361918499374,0.056906940058087795
0.417625,0.12412103330954628,-0.5547591783934983
0.41775,0.31907848510786246,-0.45883081064560893
0.417875,0.16975190490540454,-0.054548433148857337
0.418,0.1067238898465305,0.35871189837543316
0.418125,0.3981569893523078,-0.022777321330710067
0.41825,0.2707175381131842,-0.07890634035399845
0.418375,-0.2831756932155774,-0.21268973266021493
0.4185,-0.39236953199678687,-0.3715284164262588
0.418625,0.2728339587760086,-0.07977665332072635
0.41875,0.4750599763021496,0.3063861232867984
0.418875,0.034241078994181495,0.24007151025301907
0.419,-0.18006133219119994,-0.24587329612166076
0.419125,-0.07985034660143697,-0.14887391381148352
0.41925,-0.082228440973959,0.44733956360557114
0.419375,0.24232270545024448,0.49829349180578797
0.4195,0.26289923486448047,0.2030062668774459
0.419625,0.32932845199769717,0.16638319281388253
0.41975,-0.08230862725306624,0.026394922473765396
0.419875,-0.29599140491574355,0.05716159300955854
0.42,0.23224678111947053,0.07741394539695821
0.420125,0.4732689784261716,0.3262232796184058
0.42025,0.23477229335735322,0.19070398525436577
0.420375,0.010725266051692316,-0.2715716221812765
0.4205,-0.04965363775385576,-0.3505666530586534
0.420625,-0.2735187890016427,0.39155828387891606
0.42075,-0.1707394435542351,0.6072546715887239
0.420875,0.16813813601285124,0.15368354816244284
0.421,0.11006724450504714,-0.1187532549103491
0.421125,-0.3861454865764995,-0.08898933963620063
0.42125,-0.5304704045289347,0.07694594479319929
0.421375,0.07261736259570001,0.06641773462274148
0.4215,0.5871523642836929,0.25771220751914997
0.421625,0.20719787540302254,0.26740412689289944
0.42175,-0.273667744735509,-0.31873626617940265
0.421875,-0.2263521259444464,-0.43337731804196095
0.422,-0.08298126458997779,0.23120728855541678
0.422125,0.10569058168381096,0.5601675306674415
0.42225,0.270486344004631,0.3924891126618873
0.422375,0.1456112984163503,0.04615643241759933
0.4225,-0.1536467469195599,-0.06589116501207745
0.422625,-0.6212153888180549,-0.3309359110344066
0.42275,-0.11126220589625392,-0.15035317336462511
0.422875,0.3690239664702348,0.15636049796846535
0.423,0.08022302126287525,0.09867138736023574
0.423125,-0.4261119033052706,-0.31044551021263284
0.42325,-0.24451330730614548,-0.42271846936377094
0.423375,-0.41590998114857824,-0.004038715302116789
0.4235,0.0007730455548207397,0.4429744097427347
0.423625,0.29168363083488297,0.20877446415471634
0.42375,0.22537392180032964,-0.162867638832417
0.423875,-0.4046453809281752,-0.36309646203229323
0.424,-0.5588468688773292,-0.02840514859795745
0.424125,-0.28683949546985094,-0.08371239491748517
0.42425,0.40086287266934234,0.22733002033579516
0.424375,0.07219181756574389,0.21539753632564762
0.4245,-0.593820725445284,-0.3044338874698473
0.424625,-0.5762458950378674,-0.6227116067251156
0.42475,0.019881806967829534,-0.04461421481206481
0.424875,0.14659341607140552,0.35178657032447685
0.425,0.3039894545017738,0.1440441724653761
0.425125,0.3358861873200477,-0.39221082903316945
0.42525,0.10329372095089266,-0.3976558225356584
0.425375,-0.47262662737356265,-0.33563678463763763
0.4255,-0.26664855513497515,-0.1393151334412257
0.425625,0.45295800274001685,0.1001168349132058
0.42575,0.5299343264006813,0.0672875139134105
0.425875,-0.10132461642902695,-0.2411804160419174
0.426,-0.261556917839652,-0.6912152901317644
0.426125,0.12529951689180047,-0.16824313109514707
0.42625,0.3374510936999801,0.3105603344190073
0.426375,0.3231502305971573,0.11116702050033646
0.4265,0.5937276926636125,-0.25364030772637347
0.426625,0.273182652179134,-0.36599172894229814
0.42675,-0.38105330056442144,-0.06343714444876432
0.426875,-0.08502584686873699,0.007078896483678283
0.427,0.4854248515653211,0.20456872269315027
0.427125,0.3230221181758096,0.24825772630123297
0.42725,-0.232968490487248,0.03161943925620342
0.427375,-0.29477342267266243,-0.34747479323460223
0.4275,-0.059758847625477465,-0.20345068129531893
0.427625,0.2919779616293465,0.4544130314483297
0.42775,0.3801355189999535,0.3976568334838177
0.427875,0.10120685439415861,-0.05504426471625197
0.428,-0.1661883195230148,-0.12852656528083184
0.428125,-0.5478270507934552,0.18570325868242302
0.42825,-0.31082430417888435,0.3695185512876923
0.428375,0.38215974015180093,0.45406252886920456
0.4285,0.4050718068312273,0.5150042427497565
0.428625,-0.08133606094417492,0.06958851708063098
0.42875,-0.3538021488251719,-0.29843227003322104
0.428875,-0.18427979258716182,-0.05913766383571606
0.429,-0.06196292978552664,0.4099992201635594
0.429125,-0.12735412308429422,0.19209736183750814
0.42925,-0.04567008877453472,-0.18744160925599554
0.429375,0.10760556124971812,-0.31801500064012095
0.4295,-0.3687764504648001,0.013034174248797572
0.429625,-0.16615688969821277,0.3612982223262105
0.42975,0.3440520344570103,0.1785581680211805
0.429875,0.5771237658713717,0.09752028319423084
0.43,0.024271817002775562,-0.1750649283791452
0.430125,-0.4068337559393848,-0.47798020629590815
0.43025,-0.2464450770282268,-0.41277872283226463
0.430375,0.2886761872003568,0.25819013352084297
0.4305,0.31202622268091806,0.2589390217769103
0.430625,0.2388014049707793,0.0015904723332676456
0.43075,0.1388684192359854,-0.09561048565238539
0.430875,-0.3214277364846291,-0.19443779106594536
0.431,-0.3256092374771291,0.18540278237661412
0.431125,0.47865107177403193,0.006991707442176279
0.43125,0.39457266031808813,0.2251992679865083
0.431375,-0.2839336239576835,0.11954430079543048
0.4315,-0.6634645326501748,-0.2943134771607435
0.431625,-0.35556863325608357,-0.33483885447715456
0.43175,-0.03130624821789635,0.3434673755133593
0.431875,-0.11118651242828402,0.39892738575102393
0.432,-0.2535573478970507,-0.026032135085644812
0.432125,-0.29472325679308725,-0.3316005886087109
0.43225,-0.39675881128486135,-0.2217474003817819
0.432375,-0.3242551174767662,0.15683742668289397
0.4325,0.17475716221387774,0.3076462178213805
0.432625,0.3482448966797378,0.15956073455119651
0.43275,-0.04021212041506171,0.14071339909005987
0.432875,-0.23869912124305578,-0.3701888684027741
0.433,-0.02053502292819522,-0.25536317700873007
0.433125,-0.015921056521037015,0.4589342451769097
0.43325,-0.17951515251079894,0.5705956323331665
0.433375,-0.23634252738212813,-0.14935117507572374
0.4335,-0.045164909670375786,-0.4403768259708211
0.433625,-0.16254026378766084,-0.2791233524990976
0.43375,-0.17167610077784204,-0.06641232197138586
0.433875,0.10702292014364805,-0.07962778249157793
0.434,0.48920139655964723,-0.014013568879620889
0.434125,0.062318686747940784,-0.2984989088271412
0.43425,-0.14914415319180263,-0.4496485415367995
0.434375,-0.06921780490814261,-0.20050632180909728
0.4345,0.42219448123076186,0.1726226784108266
0.434625,0.3573289997353368,0.31106317888290436
0.43475,0.13302407687557355,-0.15352071522826255
0.434875,0.17302779929659579,-0.3333422910923113
0.435,-0.09835377176593024,0.04279356467379631
0.435125,-0.23320968749695611,0.217589179572341
0.43525,0.13147253283115176,-0.1831532474257709
0.435375,0.7283603188953193,-0.29631265432637033
0.4355,0.3964936600740593,-0.18570037792045377
0.435625,-0.48977159138808707,-0.06369404917464519
0.43575,-0.28402494823890034,-0.2476618792266852
0.435875,0.36107749459925853,0.16759524853638805
0.436,0.5698521934057555,0.3978847341426533
0.436125,0.40059794342765204,0.04116972988730973
0.43625,0.09973799655435299,-0.21819048436104407
0.436375,0.0026822654086990317,0.003607189018899662
0.4365,-0.2705130473421264,0.34451031746907396
0.436625,-0.1373880395726916,0.5410036666006783
0.43675,0.44930105310760937,0.1355655533388473
0.436875,0.24417442611131016,0.05607353859441127
0.437,-0.525423169194759,-0.1318944585799513
0.437125,-0.39985093597517785,-0.2195522440026402
0.43725,0.0017032589449560286,0.22392479528966877
0.437375,0.21533027110943448,0.7018361902942875
0.4375,0.004035801227013542,0.31198013241235495
0.437625,-0.08758090772064053,-0.43561188044045335
0.43775,-0.25154918916647906,-0.21932183196476812
0.437875,-0.37783734805125574,0.15975312558411423
0.438,-0.11909470699009442,0.443469718098988
0.438125,0.4526974509029716,0.4802804683593687
0.43825,0.2975963237008407,0.2073191644158037
0.438375,-0.5835355862933951,-0.11730824422178032
0.4385,-0.6515305646990612,-0.25812462809037157
0.438625,0.10586375529364665,-0.13905673781860894
0.43875,0.5355257220795084,0.32627326755793895
0.438875,-0.1360698162127433,0.17753524188567424
0.439,-0.347402460328192,-0.36696201861654165
0.439125,-0.1769560634666078,-0.2950079732212802
0.43925,-0.5100646152262467,0.09231428076781649
0.439375,-0.10062418780260371,0.15593032213647848
0.4395,0.497884467345091,0.18267168386894314
0.439625,0.479931210208304,0.015296847185411232
0.43975,-0.463030587770212,-0.20514350437879453
0.439875,-0.7377758318813492,-0.40800850598794824
0.44,0.014141977902000943,-0.1983688962041204
0.440125,0.25810860281551246,0.4181455465616497
0.44025,-0.037503402002747654,0.11846363836562464
0.440375,-0.38357684348347487,-0.533102247448788
0.4405,-0.3809127355699151,-0.5289418015317242
0.440625,-0.2648895461133321,0.12302114423444038
0.44075,0.04740950565168679,0.5313430199671264
0.440875,0.16349393585893635,-0.07899693750167186
0.441,0.20102398050489215,-0.2360730359723656
0.441125,-0.30650085932754995,-0.19073745148040624
0.44125,-0.4503103388076346,-0.44815657677906706
0.441375,0.2887958019438028,-0.08192437544591329
0.4415,0.5863477985754231,0.4797935643794005
0.441625,-0.20777117447913093,0.5568916717494663
0.44175,-0.12217127135047559,-0.41225743019419825
0.441875,-0.11567499401660586,-0.7557029094951045
0.442,0.016929535489717134,0.0703078937494289
0.442125,0.23322644302131026,0.48045278645468775
0.44225,0.326281246340914,0.1318578028999751
0.442375,0.3730173359448548,-0.30567843250786964
0.4425,-0.050573618991575094,-0.16666821262556294
0.442625,-0.5437653741086483,-0.16604066191348596
0.44275,0.017238166812671773,0.08056961821710011
0.442875,0.6949290259490779,0.1622586760735879
0.443,0.4159980003278949,0.03269390604411009
0.443125,-0.048658734698665176,-0.26632077185683484
0.44325,0.05538559900617211,-0.5727935412924009
0.443375,0.03180438741828984,0.006148282015584237
0.4435,0.3389366995552372,0.3791341625071628
0.443625,0.2285404462224651,0.0705556263348962
0.44375,0.2075515659561669,-0.22453425592407175
0.443875,-0.2202555242613044,-0.11025554585775461
0.444,-0.5520197450312918,0.2064884183827464
0.444125,-0.25708435323436407,0.1267257041937845
0.44425,0.3058638878812321,0.31563055202847334
0.444375,0.15336522661917568,0.3536602518876578
0.4445,-0.29907109322679915,-0.19552106568582386
0.444625,-0.20783362205473732,-0.5926190424965421
0.44475,-0.07888590181901582,0.16854278399261421
0.444875,-0.05842654326640302,0.5448863231931907
0.445,0.3835810276828775,0.2055672397353456
0.445125,0.47979019301933884,0.02900945875292975
0.44525,0.0060686285239658555,0.058841058417483154
0.445375,-0.5846879162091128,0.1637029974880113
0.4455,-0.1767870317095932,0.24433410898557653
0.445625,0.346330365822701,0.24075423831878512
0.44575,0.26259560086601,0.19178462334628837
0.445875,0.06097761223107846,-0.2865167691922234
0.446,-0.12486257086520978,-0.5272097553591382
0.446125,0.14559202682245267,-0.004196353781362783
0.44625,0.03423363035822994,0.3432186107006417
0.446375,0.022849270684931308,0.19415244298753276
0.4465,0.3798900117943315,-0.2942867684793465
0.446625,-0.19478233915777673,-0.2812805814053607
0.44675,-0.3744137685438545,-0.029368520466499487
0.446875,-0.24759045282571907,-0.06890987743973961
0.447,0.43645534898155436,0.26699335940165536
0.447125,0.37290301924696867,0.39360087136162364
0.44725,-0.3172986733962665,-0.059386387620486
0.447375,-0.7230101947958874,-0.4585707185448151
0.4475,-0.1641440863678679,-0.15509637448583297
0.447625,-0.007097181872174463,0.3446516735255138
0.44775,0.22292948915362792,0.2026797726086075
0.447875,0.22898375961695672,0.09641311479840593
0.448,-0.08676244308195882,0.016400112054872292
0.448125,-0.629893613075199,-0.11565875859149134
0.44825,-0.26661347771112387,0.030179364571396475
0.448375,0.2928840473715164,0.002462869528502018
0.4485,0.4530314830604178,0.08746145340116536
0.448625,-0.3369531268532889,-0.05350246202970553
0.44875,-0.44542679907238597,-0.493098982050677
0.448875,-0.30033408104619264,-0.17240543725087637
0.449,0.05550006862249886,0.5744639035253953
0.449125,-0.08706713820772641,0.306211305245607
0.44925,-0.38471937421737606,-0.30143680721682964
0.449375,-0.3439183116047472,-0.42707369046631327
0.4495,-0.5356201542480941,-0.12863699026286285
0.449625,-0.3069766625704823,-0.20887823353985902
0.44975,0.24481299176838242,0.21119278316896822
0.449875,0.47236209268343415,0.32487693864474176
0.45,0.044323656477564026,0.0356191168645707
0.450125,-0.40740695410028166,-0.5248440890722754
0.45025,-0.17744707488765882,-0.3765660317694492
0.450375,0.20220700318105944,0.2807613051829386
0.4505,0.07361299601467923,0.3604748893266674
0.450625,0.21964460735135716,-0.19151822125593387
0.45075,0.39957223512132467,-0.38891426559641923
0.450875,-0.11105339801267912,-0.2094835874430277
0.451,-0.21140953804941554,-0.08104765524568422
0.451125,0.5791193805368422,-0.08272366732242445
0.45125,0.6262640542032588,-0.19093943734616983
0.451375,0.06731365746920309,-0.3322649916885454
0.4515,-0.1377286088482394,-0.5170158543582416
0.451625,0.15716720152944774,-0.3296017070811337
0.45175,0.3123968639298633,0.21086946291203104
0.451875,0.3322214185461568,0.4717269388047853
0.452,0.14176456958710595,0.02687013719730548
0.452125,-0.056628227304302566,-0.4118970366460217
0.45225,-0.3117981905526022,-0.04979992828759715
0.452375,-0.4814579443125883,0.20298809912735177
0.4525,0.2384851844645454,0.21650332830448096
0.452625,0.5145347683969455,0.11332538134156765
0.45275,0.06847999595103058,0.21567972949276235
0.452875,-0.5798744436475795,-0.1255331928458672
0.453,-0.07917230177285516,-0.07768612134728467
0.453125,0.38108485534486625,0.3298365220112964
0.45325,0.2838422064645496,0.6577158128111743
0.453375,0.13888819673145417,0.040537487021597
0.4535,0.06728952273116703,-0.47732691920280224
0.453625,-0.35817163116288786,0.08355686794459359
0.45375,-0.47873787741078916,0.3822235164073062
0.453875,0.07917319385982058,0.23708418567500042
0.454,0.5116842647280772,0.12705641736447118
0.454125,0.42214823444119165,-0.07837487423738687
0.45425,-0.6237860242187963,-0.4112227760350334
0.454375,-0.3531579555924947,-0.3910958364275962
0.4545,0.003651917750821643,0.3536704099669761
0.454625,0.030200659195147125,0.4482833468250039
0.45475,-0.10310705655042704,-0.17016275508877685
0.454875,-0.2947597843098251,-0.27358535388271343
0.455,-0.1519198514476287,-0.1121333250340508
0.455125,-0.3981741024518533,0.3322467617100251
0.45525,0.16520231775209468,0.28313037295061594
0.455375,0.7589835462357685,0.22041927541006298
0.4555,0.18469492617312347,0.09821360803235685
0.455625,-0.2917120923407021,-0.1911999727815307
0.45575,-0.1932650706375155,-0.3471843594763466
0.455875,0.22906630389799457,0.26333663619156944
0.456,0.2519254959528586,0.7684068269216364
0.456125,0.05312046059703196,0.3768605564184931
0.45625,-0.2491522086504436,-0.39795594625454117
0.456375,-0.36187567161734174,-0.34704361552759627
0.4565,-0.5052069172498084,0.07896638413830664
0.456625,-0.33688233168299264,0.27156810949996324
0.45675,0.07304921291638594,-0.20660503103547484
0.456875,-0.05406884978237271,-0.2322490355561264
0.457,-0.6601609709705882,-0.3071321719243397
0.457125,-0.5749603771711271,-0.531221909652137
0.45725,0.12649713955074904,0.11259519088163591
0.457375,0.20507518667128366,0.4450472126836723
0.4575,-0.1376284778758512,0.2344376673319315
0.457625,-0.057584782157714384,-0.19540094929859872
0.45775,-0.06980050371186768,-0.2823250313083515
0.457875,-0.12566691103463085,0.3742898697936152
0.458,0.027374209284672633,0.22418988277095056
0.458125,0.3412679966947862,-0.06538486846443538
0.45825,0.07838992635067221,-0.07648524916611373
0.458375,-0.3041404410766374,-0.484122205076443
0.4585,-0.4068647581169508,-0.509496050397473
0.458625,0.2956369541094343,-0.22708074445214932
0.45875,0.6478402902647339,-0.014778962350753782
0.458875,0.11979843813302474,-0.11702220719849457
0.459,0.2006810122759804,-0.7266518415303389
0.459125,0.1599798552394585,-0.5684988136599206
0.45925,0.09595521563630091,0.16069629274409367
0.459375,0.22293572082161545,0.10670033899161806
0.4595,0.7492515678925405,0.06606493463851155
0.459625,0.38002821120003516,-0.13809243487266862
0.45975,-0.008941331032921641,-0.03826126456218288
0.459875,-0.42320188488403326,-0.18469075018048534
0.46,0.0636977335058588,-0.09714335654170088
0.460125,0.4613816767963276,0.2919864508418238
0.46025,0.1871163503433352,0.1334168920824072
0.460375,-0.14658303705270154,-0.3714175212984073
0.4605,-0.0043502166333138975,-0.1446576791092933
0.460625,-0.28058654674860184,0.2815772119364432
0.46075,0.07876649328434458,0.4506899421726631
0.460875,0.5151946215019171,0.122760756409306
0.461,0.45429023781963657,0.05760576331784862
0.461125,-0.2384573925023197,-0.06748868552798577
0.46125,-0.6231434120121772,-0.031929973845941956
0.461375,0.31453332441065945,0.050082013314268176
0.4615,0.630563706274363,0.499520272675734
0.461625,0.28541615451397695,0.42627623903635464
0.46175,-0.266161590587739,-0.36802634119808686
0.461875,-0.08203147075934225,-0.30481427058140825
0.462,-0.3255796825124706,0.18060823860120656
0.462125,-0.016933309580102925,0.44828988881464216
0.46225,0.2913932723188749,0.11606422472024402
0.462375,0.38287374918742106,-0.13510412880689282
0.4625,-0.21422650938389,-0.022419277925423156
0.462625,-0.664010096620354,-0.1610480995653145
0.46275,0.023270111849814538,0.05839861792249341
0.462875,0.597696534299477,0.38229494822372995
0.463,0.04320518061733117,0.26147790189320397
0.463125,-0.3190934109167399,-0.2873365110292958
0.46325,-0.3095086718454777,-0.4456287994746097
0.463375,-0.21937782464115665,0.19825218406903147
0.4635,-0.014899237553970462,0.6460178333083084
0.463625,0.12272208690431162,0.12225341069422459
0.46375,0.12847010560334962,-0.24003833900571636
0.463875,-0.33352160197939296,-0.1602940899223099
0.464,-0.6180085243399157,-0.1919437337964674
0.464125,-0.04797770544320669,-0.12094120716221832
0.46425,0.7198458942410215,0.2799699826257063
0.464375,0.539873792891519,0.24395899606232185
0.4645,-0.06558506294949347,-0.15350660827330243
0.464625,-0.3924130525302259,-0.5273044080571845
0.46475,-0.2060251388945718,0.061994945022869945
0.464875,-0.05085119620969802,0.48306733225030807
0.465,0.15420080892516397,0.09600486238535398
0.465125,0.17498479337742257,-0.28566610641812723
0.46525,-0.34682479270526667,-0.3882183275678848
0.465375,-0.5932157657098378,-0.23198284602700078
0.4655,-0.4063970090128229,-0.05668509784187121
0.465625,0.6106046556092793,0.20107011943116945
0.46575,0.08603816632541207,0.24361908221686154
0.465875,-0.4652444130269928,-0.2997670077906223
0.466,-0.822769625351226,-0.5889204633762759
0.466125,-0.2572515976729703,-0.017113901024294203
0.46625,-0.06079491901811738,0.6308882623019715
0.466375,0.04678883683218143,0.4089879252255844
0.4665,0.06567258851231172,-0.17924454319245534
0.466625,-0.04598786147228225,-0.304299061782803
0.46675,-0.4259164853040151,-0.177861621087731
0.466875,-0.2964595303363306,-0.01905680549381816
0.467,0.5706389220065023,0.10973531649193131
0.467125,0.5342479265225287,0.3689706986043048
0.46725,-0.06882061836706453,-0.23146914978813396
0.467375,-0.11301108942730462,-0.5726911338412577
0.4675,0.28442328047249615,-0.3733656998349773
0.467625,0.24344966465122064,0.46842570582300297
0.46775,0.20108058186367198,0.17406694015692203
0.467875,0.2529195748446044,-0.550076691942293
0.468,0.1631523974443611,-0.5589377104268235
0.468125,-0.2827185604913231,-0.3365006063736027
0.46825,-0.173395227281661,-0.014350782338082553
0.468375,0.3935509771822064,0.12526491378526813
0.4685,0.3778774005630131,0.18038931731996685
0.468625,-0.0875090246587265,-0.020973062539967474
0.46875,-0.30138754779250865,-0.39002706874482973
0.468875,0.029225687116160196,-0.12507992530009368
0.469,0.39032985490080097,0.5263319923884684
0.469125,0.2586885896498527,0.24785115393026988
0.46925,0.305695070819029,-0.1584274886774038
0.469375,-0.032763113320773224,-0.08764826973065235
0.4695,-0.33094218098809586,0.2446476915304321
0.469625,-0.06722800995917319,0.2725903913564863
0.46975,0.533207916764188,0.20689602097985343
0.469875,0.39961069510862995,0.2705033501461546
0.47,-0.24700918195782823,0.22900205019656453
0.470125,-0.40815874721965184,-0.061606530957716114
0.47025,-0.14969299753370746,-0.11185780395949423
0.470375,0.05225717775933292,0.3652839179411362
0.4705,-0.07314810198973422,0.33678962020282827
0.470625,-0.018640729836376487,-0.098906945590518
0.47075,-0.08860954453916976,-0.29893749539729547
0.470875,-0.1742038382907378,0.1575194042262424
0.471,0.01683014039090151,0.30380395459110215
0.471125,0.3508792684854718,0.3721637156898006
0.47125,0.5713168266465598,0.2502517988380005
0.471375,0.02219633708084267,0.012981696116449637
0.4715,-0.4234154766090374,-0.3153694025527861
0.471625,-0.2533697670861122,-0.11770245364250446
0.47175,0.06976310936971175,0.5641085559574389
0.471875,0.09144306003188946,0.2553259012141302
0.472,-0.04275308466899418,-0.2683550483575425
0.472125,-0.051040444678166604,-0.4897292266328011
0.47225,-0.631990760414768,-0.05088949841380574
0.472375,-0.5460801120914307,0.19548780659661802
0.4725,0.1528537057986703,0.03000451802514861
0.472625,0.3745202749104818,-0.0994309758212758
0.47275,0.08001462650436053,-0.007942823015405111
0.472875,-0.4504566151123551,-0.2764167699736013
0.473,-0.38546882785371595,-0.09976205043569877
0.473125,0.059108569073516144,0.38041137585283236
0.47325,0.07230686171322301,0.4645672873785469
0.473375,-0.05615360336703783,-0.06741298765107091
0.4735,-0.12471077339272864,-0.35706812233873175
0.473625,-0.16872028970609612,-0.16703748798298393
0.47375,-0.4815697369765689,0.07873952092402768
0.473875,0.11307172129758306,0.03824802260454926
0.474,0.19964309908922834,0.09106859532637855
0.474125,-0.18750000080234644,-0.15077616387739295
0.47425,-0.6571798300920452,-0.5059875481826958
0.474375,-0.31480135143197024,-0.40715576875851484
0.4745,0.22408775257537078,0.0794638639568127
0.474625,0.24843027383003125,0.17968592998928687
0.47475,-0.07753109438789933,-0.19365794308706077
0.474875,-0.11680278910481873,-0.4388143587199941
0.475,-0.28759112665679704,-0.2279701170847217
0.475125,-0.21004134427475407,0.15391894684342572
0.47525,0.22914106034095863,0.058096281857299474
0.475375,0.39173088072900325,-0.0020711260579899422
0.4755,0.16566192231830212,-0.031482468778169063
0.475625,-0.3875035100146027,-0.28635121104541006
0.47575,-0.001678906536591992,-0.30993761028919387
0.475875,0.5021649655221353,0.10849814012667328
0.476,0.5007321302578005,0.18843539985249047
0.476125,0.25212900018592016,-0.08173772225422529
0.47625,-0.043949070984710785,-0.5611863447477853
0.476375,-0.3213848237734077,-0.19122850912110123
0.4765,-0.3283115215184191,0.1271219680801888
0.476625,0.2231458016899944,0.31846766602008364
0.47675,0.5883931235113832,0.12708264101468456
0.476875,0.2888396397563985,-0.055347892050429275
0.477,-0.24335099087192755,-0.16053611344338828
0.477125,-0.521679067704565,-0.08419044513485549
0.47725,0.276395599856282,0.16407898525443276
0.477375,0.5796962078864263,0.44028353306092954
0.4775,0.30997300971702,0.08486236423644085
0.477625,0.129341039092664,-0.3569047739318317
0.47775,-0.05946632840268417,0.01809084950036233
0.477875,-0.22170966214977422,0.49390625847280367
0.478,0.06846077948862389,0.42208181525170624
0.478125,0.5135318020398723,0.12802795300804243
0.47825,0.15061475010332392,-0.054981351069760175
0.478375,-0.6276388682294356,-0.0681584657039041
0.4785,-0.39776659848896073,-0.21068335496966226
0.478625,0.19346873119406788,0.24019873409516868
0.47875,0.4646481538738558,0.4713904311538341
0.478875,0.15346462493620125,0.3402229866438414
0.479,-0.056785793626378346,-0.3472124521586236
0.479125,-0.1264233673652858,-0.3230225688720693
0.47925,-0.15007496194552966,0.15844974574026033
0.479375,-0.21245125312862614,0.3950830725082807
0.4795,0.38176415953162507,0.18957639395193426
0.479625,0.476736999596234,0.16589781537276194
0.47975,-0.10816131002869978,-0.15789902916123424
0.479875,-0.35929899836266616,-0.08366352382866543
0.48,0.17633801316753966,0.12765118383713434
0.480125,0.2874574122799334,0.38477879073070587
0.48025,0.08400103322405798,0.1492379569294132
0.480375,-0.2955397454799086,-0.4881601147025378
0.4805,-0.38109203107076745,-0.3724922808559144
0.480625,-0.27228068708390796,-0.06566832012382683
0.48075,0.18905444931259918,0.2858927531378805
0.480875,0.3780906978650242,0.08662913405071833
0.481,0.15180955661303844,-0.18799166901986958
0.481125,-0.45901348007281095,-0.17787743901176417
0.48125,-0.6081816872032533,-0.0635383219555705
0.481375,-0.08682700022439262,-0.03575596294487034
0.4815,0.2932104690078514,0.3843078708453928
0.481625,0.2770497396850634,0.334333822201482
0.48175,-0.16841492579440773,-0.3291376118693997
0.481875,-0.20817304865765396,-0.29513551632521506
0.482,-0.20802600260251725,0.1851057813100737
0.482125,-0.19545878486770418,0.26906625638128817
0.48225,0.0149858687344455,-0.0873691484539305
0.482375,-0.02374780128167687,-0.34602107211026895
0.4825,-0.612355980369799,-0.3326095091070991
0.482625,-0.7687810844111747,-0.2096765577842312
0.48275,-0.09578291984141686,0.0854378487080909
0.482875,0.395368262896957,0.38272872856955786
0.483,-0.07254512320857362,0.15002970992551842
0.483125,-0.23989643935671964,-0.4313089768075824
0.48325,-0.27811086943897173,-0.6395900398050061
0.483375,-0.01334047628986072,-0.018792879380262355
0.4835,0.1270030772561486,0.34593016564377504
0.483625,0.5173124527573167,-0.02073168682512011
0.48375,0.3398112249674195,-0.22808820888284356
0.483875,-0.02166591874817351,-0.14372488639099465
0.484,-0.29495951904151085,-0.14633337266347202
0.484125,0.06765256712725713,-0.140591801956505
0.48425,0.5003338108646258,-0.04254895875495125
0.484375,0.5426417202168736,-0.1340696528969134
0.4845,-0.05770833678734917,-0.41189784054388834
0.484625,-0.09344198025860656,-0.6968443998493412
0.48475,0.14407342362347653,-0.1810276551954082
0.484875,0.3592850361995945,0.28634961328901243
0.485,0.37204027590487393,0.12771411858460863
0.485125,0.46657631514715037,-0.19457479951226056
0.48525,-0.016097930558593432,-0.11655433760794115
0.485375,-0.4054333627971941,0.08652290351867295
0.4855,-0.16493917769108465,0.2876255565687438
0.485625,0.27256903027633517,0.20108811315704647
0.48575,0.23911418139794083,0.31685437797546734
0.485875,-0.4373857122471619,0.03364023680233522
0.486,-0.49105974846974043,-0.29408534830298294
0.486125,-0.08165858301132826,0.024853615305042306
0.48625,0.20344056139647904,0.6110242155642922
0.486375,0.32257791701206157,0.43702842544634135
0.4865,0.29649956423824664,0.010458679503770087
0.486625,0.030772541464788,-0.15882239030774853
0.48675,-0.3610550451218935,0.013139964959453706
0.486875,-0.16335907614440123,0.1173133191512679
0.487,0.2611259450457243,0.2863685369308405
0.487125,0.30760795375115646,0.24692501320338955
0.48725,-0.10333304360590893,0.00461358971987961
0.487375,-0.34199637746457007,-0.43132056700307425
0.4875,-0.09243476453389358,-0.12499157927399625
0.487625,0.1696389316301508,0.3438590159471553
0.48775,-0.04935120232696789,0.2794146843821681
0.487875,0.050671058634469815,-0.3599827123392332
0.488,-0.11406263678768896,-0.3358456795506462
0.488125,-0.4333060379214189,0.008683881321068577
0.48825,-0.03468998513051433,0.17502580315269836
0.488375,0.369710532436284,0.22063974547215828
0.4885,0.30526751541817926,0.33389729927738865
0.488625,-0.17854757487540418,-0.06900405986970157
0.48875,-0.2709198254820397,-0.33333890926419946
0.488875,-0.1892937919511071,-0.12522853435619843
0.489,0.18967760282662052,0.38243101625740256
0.489125,-0.05571794240719122,0.42459201007756564
0.48925,0.12569086653214417,-0.1530697548475826
0.489375,-0.06132323771342839,-0.24285821331282256
0.4895,-0.6098594167111514,-0.030823628583625442
0.489625,-0.33351221969114114,0.09037679581949142
0.48975,0.29712403318758945,0.12269297884868531
0.489875,0.18455812653376666,0.10868503659805065
0.49,-0.3972697702488779,-0.0896290261553421
0.490125,-0.5341784682466268,-0.4454520341034532
0.49025,-0.026876485829242815,-0.19515981648100472
0.490375,0.10021356373519887,0.4190989545084108
0.4905,0.10748629698145704,0.3831515075358665
0.490625,-0.25453665090372224,-0.01952839250817613
0.49075,-0.1876927632096149,-0.209522935604088
0.490875,-0.4251037084224645,-0.03018785686408303
0.491,-0.4563871122596473,0.00884594125608901
0.491125,0.2728895512339384,0.00047550946896966447
0.49125,0.34043878161892627,-0.10016296314261627
0.491375,-0.27762028988436843,-0.12240916060297702
0.4915,-0.6965540373707373,-0.46994052344894355
0.491625,-0.2330434223671669,-0.39436207490281516
0.49175,0.33367109216555774,0.19180921848387114
0.491875,0.17295131421429275,0.25335920900552283
0.492,0.34636539387478527,-0.2755243802639075
0.492125,0.18380448615463338,-0.5892917236184335
0.49225,-0.003929130282268753,-0.1744948678657798
0.492375,0.028716433773937976,0.05802928720064564
0.4925,0.5937725898456521,0.18447965517998038
0.492625,0.7818997666714079,0.03213018655456017
0.49275,0.16452605410220258,-0.13958184052298414
0.492875,-0.24463125549623316,-0.44554446225760325
0.493,-0.2852019506709658,-0.271139305402464
0.493125,0.25877332952575305,0.17999059236469048
0.49325,0.3567404243832915,0.26154346570484727
0.493375,0.13645256078163684,-0.21765104246337716
0.4935,0.024176677369113882,-0.5777804827977684
0.493625,-0.2794149834493291,-0.2601405243161298
0.49375,-0.26919451878125383,0.2482726919248829
0.493875,0.4203094780828364,0.291185446038235
0.494,0.6113601592513258,0.37316571846974605
0.494125,0.18694552248287333,0.06781381741033249
0.49425,-0.4350598256491281,-0.14843738820460028
0.494375,-0.40428444698943405,0.04298678011919311
0.4945,0.0649411012833629,0.4153342563415955
0.494625,0.20111099276255937,0.6065197552930754
0.49475,0.32361212293763025,0.3066764534050222
0.494875,0.2383715692817225,-0.15983849102962988
0.495,-0.01708520539834603,-0.23323649467440194
0.495125,-0.2715897502974976,0.26122466169164216
0.49525,0.023998484536551547,0.3294621386812844
0.495375,0.3814503186903717,0.16913988905039729
0.4955,-0.01807105826875018,-0.008322048503036207
0.495625,-0.536484914644939,-0.2611646600943408
0.49575,-0.4309587406161872,-0.216966967588618
0.495875,0.08925367968041457,0.2965782098646531
0.496,0.342315024267233,0.5870711318328657
0.496125,0.08322975456721184,0.23735745537785563
0.49625,-0.015779622089153914,-0.33433057900430185
0.496375,-0.322593123926672,-0.2858842907611709
0.4965,-0.2565947685108958,0.08371107598155764
0.496625,-0.012229599790860201,0.13357742416250823
0.49675,0.39896456373397376,0.11057925436960049
0.496875,0.2188754479928023,-0.011048825966348636
0.497,-0.2871082764855357,-0.2019097254760981
0.497125,-0.28369901538082215,-0.37033664728908167
0.49725,0.18206473331110004,-0.08736767906086432
0.497375,0.22028637790500125,0.27308568938531375
0.4975,-0.031194897556898717,0.09949300202966332
0.497625,-0.045585351829905536,-0.40876754258184284
0.49775,-0.01173484340623291,-0.4315016065559501
0.497875,-0.1736380756870138,0.3260703336967334
0.498,-0.05793633811908235,0.1711511923152418
0.498125,0.010081990078915597,0.1380171471674631
0.49825,-0.031012922283635183,0.01628918801019576
0.498375,-0.5676660979061305,-0.16230156073526456
0.4985,-0.6097950400477055,-0.2993360491716958
0.498625,-0.06059795025639778,0.02534595400734928
0.49875,0.18952364317951184,0.353959917789002
0.498875,-0.1603548229870063,0.2502569757152079
0.499,-0.32271253018249224,-0.40251670417905355
0.499125,-0.19042152804989781,-0.21945310820102437
0.49925,-0.25739326872845814,0.15916069576562109
0.499375,-0.23439446918105117,0.2939892685041952
0.4995,0.2613296582545886,-0.05135800568164457
0.499625,0.14343562574540505,-0.09452670860107708
0.49975,-0.42625929000061935,-0.13018947818521795
0.499875,-0.40201931758460985,-0.21115998001042188
0.5,0.16104770949928876,-0.02388963473187049
0.500125,0.5059897650887181,0.2910389009950821
0.50025,0.1494796003424425,0.14825895173254067
0.500375,-0.36581435605593615,-0.516781496934652
0.5005,0.009677604637192907,-0.5080300652557331
0.500625,-0.025953773412155767,-0.10437814618787698
0.50075,0.2714045004457758,0.16051587102598147
0.500875,0.39689919919385747,-0.10827935093822257
0.501,0.39043747836614545,-0.2636062265647427
0.501125,-0.18723838663494302,-0.4142145269001653
0.50125,-0.0074983954684881005,-0.1486135769814667
0.501375,0.26719483739781447,-0.2297765459653233
0.5015,0.3899602360813443,0.10549205988134555
0.501625,0.2417427966420176,0.0036595352445239347
0.50175,-0.1234481091774222,-0.1233758437695247
0.501875,-0.23416968968090768,-0.3425854227765663
0.502,0.04990221010647643,0.2505216185915244
0.502125,0.007936739585702493,0.4985749668078013
0.50225,0.22541901797607053,0.11399837689037853
0.502375,0.2120037966337918,-0.26963708137493675
0.5025,-0.17485510911128996,-0.19630318008973666
0.502625,-0.21313740729003,-0.055836338663968706
0.50275,0.14553869431293903,0.1000228702405686
0.502875,0.30800046062439745,0.40359354616205045
0.503,0.05613442278946891,0.28791991122578786
0.503125,-0.14660191433784162,-0.13869001129332081
0.50325,-0.10491557925815206,-0.032073673960793685
0.503375,0.20794161808329484,0.23759661350236178
0.5035,0.04761942124370826,0.5130598258101521
0.503625,0.24551420983364536,0.35820160820560154
0.50375,0.28699245422172176,-0.1760835458835466
0.503875,-0.17782743472805043,-0.05251122397094586
0.504,-0.17258029608140624,-0.061675692305215205
0.504125,0.002222259158575342,-0.04405321671188347
0.50425,0.3541075317176764,0.2334803302391466
0.504375,0.09839927156362989,0.24051396532535593
0.5045,-0.1900095121080713,-0.10664582980518837
0.504625,-0.1325358269956793,-0.2517264759397497
0.50475,0.05523274412854804,0.15230988974167203
0.504875,-0.14739667788317193,0.5394349494863313
0.505,-0.03198523313177199,0.007963484983523582
0.505125,0.21859198605828375,-0.13277555817399442
0.50525,-0.23976225043530627,-0.18761528803764227
0.505375,-0.5084367063258275,0.14375425639993109
0.5055,-0.13932371213488565,0.1937341961035446
0.505625,0.3342533717749457,0.10096808094207102
0.50575,0.31042669373024045,0.1050879088188822
0.505875,-0.023607831431181503,0.034871391219159276
0.506,-0.3800832696716227,-0.36303590051789986
0.506125,-0.15863642436656564,-0.05245432771217112
0.50625,-0.039708742272429806,0.18709331288448752
0.506375,-0.026409874217014916,0.13670304431878966
0.5065,0.15371205503708205,-0.06381160323946809
0.506625,-0.08135347845253235,-0.20517359043782893
0.50675,-0.3138202499201796,-0.0031887992406505992
0.506875,-0.37013202501359366,-0.024796445917815067
0.507,0.30041767042169665,0.008077646774932152
0.507125,0.22389484769279663,0.07102456030060218
0.50725,-0.1728786043540453,-0.18109819000430508
0.507375,-0.37680744491420926,-0.538351623049448
0.5075,-0.3581015084371325,-0.1083378128765981
0.507625,-0.3526015719035035,0.4831227291392518
0.50775,-0.1693034677580686,0.36095188818146495
0.507875,0.08381449709460283,-0.0510385538723362
0.508,0.1157524246199646,-0.34737132805085363
0.508125,-0.14984027167201555,-0.19894954517476815
0.50825,-0.09926785337024205,-0.05964216351028599
0.508375,0.28139046812584956,-0.04515152345716206
0.5085,0.2203140457842082,0.13007284120031773
0.508625,-0.2343111503944777,-0.13049593376950339
0.50875,-0.1974946042353447,-0.3545231579459808
0.508875,0.18674493730015376,-0.05534645018638028
0.509,0.33553091142598057,0.0743206096804568
0.509125,0.1306947632845612,0.18384126638329698
0.50925,0.21246855197421383,-0.14880354065575777
0.509375,0.2019439995739713,-0.25956024184952514
0.5095,-0.16508683338918206,-0.24909282694632323
0.509625,0.10486218128737868,-0.41272614674736213
0.50975,0.3797034677248933,-0.2388340589799984
0.509875,0.3361757274216988,-0.013496164470805884
0.51,-0.019471574376901602,0.012701935983085002
0.510125,-0.09200668149949498,-0.1654645499541326
0.51025,0.12866827942169048,-0.11715406136990247
0.510375,0.3568557224408455,0.22876497770415205
0.5105,-0.003325027025920087,0.29062606904980154
0.510625,-0.056166791113058806,-0.18818183271335243
0.51075,0.05627088928300312,-0.08863271177443346
0.510875,-0.025214933410679343,0.21665009792828724
0.511,-0.1737320500548042,0.3668406630107746
0.511125,0.2638986942059074,0.24408826871575895
0.51125,0.3077017247296573,0.12958715101736618
0.511375,-0.1489678319696426,0.045902065495940794
0.5115,-0.5217894018270903,-0.13288287704953297
0.511625,-0.10519202371781232,0.06193720006965059
0.51175,0.22956723811374488,0.3388974622367559
0.511875,0.10006296337165847,0.17582001758049778
0.512,0.1107506532229786,-0.06137295517426679
0.512125,0.03221634157003924,-0.1400800152612701
0.51225,-0.21261141363750616,0.01956612368093581
0.512375,-0.28027411469242497,0.30466790101425795
0.5125,0.35264808058613645,0.15315414696239893
0.512625,0.5995855607431123,0.06780970685287636
0.51275,-0.0010809252957775888,0.06791694043455819
0.512875,-0.2829879684805407,0.014529834278389187
0.513,-0.18583444438824578,-0.08160746321092517
0.513125,0.2119838086025039,0.04796633491025105
0.51325,0.005604398729307121,0.2681466866248664
0.513375,-0.02000179909683925,-0.039801264960897004
0.5135,-0.019490853154155417,-0.31422272607272084
0.513625,-0.2362102256228428,-0.04060285015136417
0.51375,-0.42309444233630433,0.25529715266022196
0.513875,0.056527661406412764,0.2550213372037042
0.514,0.06632599402820051,0.178628778462595
0.514125,-0.1550515512754289,0.18795134977293676
0.51425,-0.34527160500685594,-0.02922491307349429
0.514375,-0.1695078318603636,-0.23768676451429888
0.5145,0.12060242462029497,0.2101312154726061
0.514625,0.14446854726685507,0.44113536742368403
0.51475,0.008105991464936242,0.06443158953702809
0.514875,-0.08630343785277744,-0.4112761187381277
0.515,-0.2000762209705393,-0.25652391683301223
0.515125,-0.5582983175507611,0.13782515594828873
0.51525,-0.2151984987163054,0.026181400126628954
0.515375,-0.02583517447722959,0.022837549750822143
0.5155,-0.05038202571427979,0.02268075873875928
0.515625,-0.5457921843896946,-0.22045292853119747
0.51575,-0.4688580591739034,-0.23960659307312118
0.515875,0.0710563841295964,-0.021331190790503593
0.516,0.08549858279428697,0.24917221650509458
0.516125,0.038573088909362646,-0.08992484097609928
0.51625,-0.04722275453969831,-0.4869478082321195
0.516375,-0.06433549459815364,-0.11506578660153542
0.5165,-0.10522246621961054,0.11467410743515863
0.516625,0.12937909535047235,0.04325836628917487
0.51675,0.29257904677596924,-0.041022267946581085
0.516875,-0.07921913906043317,0.03738148366896248
0.517,-0.3895036874763372,-0.26742313566234943
0.517125,0.015509864196971479,-0.3349002761636704
0.51725,0.5060734213891191,-0.17104522276925277
0.517375,0.6048511367358205,-0.04718532672869781
0.5175,-0.20599476656161309,-0.18591953110166828
0.517625,-0.11022449443868082,-0.3372270098330241
0.51775,0.08867325974991352,-0.27283337147966863
0.517875,-0.07766831320068412,-0.0021082106129951864
0.518,0.02979739391657401,0.12846124023326122
0.518125,0.1816409896797672,0.03801736723088479
0.51825,0.18599180470404036,-0.23626393951228555
0.518375,-0.17116100687653973,0.01857389150179383
0.5185,-0.28637835534093986,-0.2685824391756169
0.518625,0.2852328166763783,0.06960223479704568
0.51875,0.5309330689854781,0.16828893459959152
0.518875,0.15481933664480504,-0.007726647804533983
0.519,-0.12539910434497312,-0.0747858779421486
0.519125,-0.0606978361263504,0.0030688750889455566
0.51925,-0.12847163869162267,0.40250387993433084
0.519375,0.13783247702859508,0.30141025558181983
0.5195,0.11068835218545094,0.09489315507694784
0.519625,0.30604510329564066,0.011381804807317434
0.51975,-0.13393730514365101,0.043264858138025324
0.519875,-0.33329925261563775,-0.08642951798836646
0.52,0.1279304728362029,0.12488366963629728
0.520125,0.45877306183001804,0.2236738769571969
0.52025,0.2863831627020187,0.4616683131175388
0.520375,-0.006484347711885992,-0.13650664518388994
0.5205,-0.07985299074256914,-0.31479506741664154
0.520625,-0.3650493715565457,0.3868470939790711
0.52075,-0.12035122350934456,0.505956290122021
0.520875,0.3451026630897327,0.14247394495459015
0.521,0.30582447469200275,-0.1089283321724786
0.521125,-0.06525055439758898,-0.16191939083005227
0.52125,-0.26790568264826037,-0.1475740668526458
0.521375,-0.05977606770576116,-0.06551697141846191
0.5215,0.28054786507893137,0.2519869896685477
0.521625,0.04882254011417805,0.3334974338056073
0.52175,-0.3628462700632437,-0.3345875694389437
0.521875,-0.34213231930617133,-0.28140537389058506
0.522,-0.13936003064229932,0.12835602044285302
0.522125,-0.025631927343997326,0.3610210220329603
0.52225,0.30934401784377635,0.18512593017609155
0.522375,0.25964934173320975,-0.018223274691610027
0.5225,-0.18815166372111633,-0.19254786768148513
0.522625,-0.19706329306725673,-0.30971217201429596
0.52275,-0.045289482812750984,-0.12406718925174413
0.522875,0.18213581731017345,0.3954882245168136
0.523,0.04868751569325798,0.3230298295618059
0.523125,-0.20263793160151927,-0.04699291314570304
0.52325,-0.3163822898344337,-0.295952898595833
0.523375,-0.3836394966757302,-0.06667302015359117
0.5235,-0.12418582869117076,0.22324897883717312
0.523625,0.024173972357574822,0.011094462701452564
0.52375,0.08340162527933474,-0.2033311033854023
0.523875,0.017875652654320978,-0.4257158348140797
0.524,-0.5475374571315609,-0.172204678496565
0.524125,-0.3810442441085734,0.020008726256555046
0.52425,0.20031055154654542,0.21482208032961964
0.524375,0.2822537600714661,0.21674666595273098
0.5245,0.145979618089276,-0.15800835063461394
0.524625,-0.08551772796114088,-0.45746308509968975
0.52475,0.05509514629495825,-0.05285705883644167
0.524875,0.0360848150413696,0.12997989481322772
0.525,0.21026286653400622,-0.008226675256720415
0.525125,0.18531809186512813,-0.11035937860902867
0.52525,0.18119772499900302,-0.2952561837424784
0.525375,-0.11893705586855087,-0.28368976473779567
0.5255,0.004455610330235384,-0.24989216044941223
0.525625,0.3187118258801198,-0.0749198773967254
0.52575,0.2763050502558151,0.12396754132658175
0.525875,-0.1082164045070513,-0.10711828978741017
0.526,-0.14170224622108268,-0.43581344191485505
0.526125,-0.06330063736132088,-0.11024963393579101
0.52625,0.18519150512950178,0.2948496399002293
0.526375,0.3730017690022367,0.3161044301659728
0.5265,0.4273823106718825,-0.0005811830528657168
0.526625,0.36538054960582006,0.08527202604531776
0.52675,-0.18081239208077238,-0.044260079584695314
0.526875,-0.011414328418677691,-0.1501434269849474
0.527,0.1984393576894451,-0.10330215472842783
0.527125,-0.026189325638734873,0.19097198159049375
0.52725,-0.4824648848992067,0.14877419303560596
0.527375,-0.236357128717718,-0.17313208103324568
0.5275,-0.008308194152841007,-0.03102744713724121
0.527625,0.19191101033741226,0.3758674462467895
0.52775,-0.006063503052350521,0.2689687110195376
0.527875,0.30964188258974285,-0.0511998506214185
0.528,0.023065342081695264,-0.2122977053801686
0.528125,-0.11560113778537204,0.024610088959048062
0.52825,-0.025539597500943718,0.10381220856891658
0.528375,0.20425508553800073,0.3300045568335937
0.5285,0.311056180879005,0.3406988706407413
0.528625,0.05369348162058329,0.18349166075261092
0.52875,-0.2660605290192616,-0.12271349652458405
0.528875,-0.09393155589009139,-0.07339570304322204
0.529,0.029684862211040625,0.1891295194758922
0.529125,-0.04308754468254182,0.08410588303796883
0.52925,-0.06107142243854878,-0.34192965597297087
0.529375,0.15848614324245525,-0.29535883584338424
0.5295,-0.22549690741023917,-0.05372896204496265
0.529625,-0.3417687903893983,0.1610356075483732
0.52975,0.35709921601722167,0.20210214644155627
0.529875,0.10963829602725758,0.1899825826780408
0.53,-0.13143513889712932,0.2037575168244689
0.530125,-0.4225122774902867,-0.25113610284732546
0.53025,-0.14595555409867475,-0.06552122892609309
0.530375,0.15734212280676774,0.24568719475981485
0.5305,0.13424579298889072,0.35536256787403625
0.530625,0.26376325943742374,0.0816274662869888
0.53075,0.04796965995125976,-0.23357099372237833
0.530875,-0.2525813147371439,-0.05360757382235805
0.531,-0.2841552101990534,0.057994896063523885
0.531125,0.30067817313901113,0.16805628336022344
0.53125,0.26320104063377897,0.04778481813714277
0.531375,-0.09330802304287608,-0.02249380418393222
0.5315,-0.4378303747561261,-0.1421266699839392
0.531625,-0.19906210938021643,-0.1218873657932486
0.53175,-0.1161236368033794,0.1524945077655171
0.531875,0.04317421802269434,0.3457953890938603
0.532,0.0526436625400609,-0.16309276264501463
0.532125,0.05784238733026246,-0.23561212485700678
0.53225,-0.34812525152741475,-0.1268003724622184
0.532375,-0.4228962152044317,0.050752751100129896
0.5325,-0.1225096742294351,0.2258646520262052
0.532625,0.06317314208331508,0.1895814118237249
0.53275,-0.18407234349672993,-0.1409807020143087
0.532875,-0.4700484618219932,-0.2047010049323091
0.533,-0.08947254790877608,-0.24110387032336886
0.533125,0.2107491066645349,0.12717759206342588
0.53325,0.09813176847786206,0.2808921844643339
0.533375,0.003558229789814653,-0.006455986758694855
0.5335,-0.09027006604113709,-0.41875998035998324
0.533625,-0.16954230005065038,-0.17057205144683732
0.53375,-0.06689719266032032,0.014491443577471499
0.533875,0.16072345453712233,-0.14208057274429778
0.534,0.46555615742880796,-0.018062439559045674
0.534125,0.2821597822480857,0.011219794144416186
0.53425,-0.060530230326929946,-0.15674639545849306
0.534375,0.3122733228067284,-0.2538355958890589
0.5345,0.2674953167030871,-0.17545084518091048
0.534625,0.42527158529483744,0.0069060441377500476
0.53475,-0.05404504483495422,-0.1703198152053523
0.534875,-0.076124342330341,-0.421857421760772
0.535,0.02512432076433794,-0.189816863896533
0.535125,0.1730412857963844,0.08555724192929039
0.53525,0.253935569030371,0.17076972753040778
0.535375,0.3753530835853446,-0.025709571122642317
0.5355,0.033990133686798256,-0.13169848091017225
0.535625,-0.24928835201453936,-0.1463742270746078
0.53575,-0.019114752334348686,-0.06672485707429174
0.535875,0.17637649156965887,0.09962893028751917
0.536,0.10385411786259637,0.41049889713974375
0.536125,-0.18707561665218686,0.03732148957122242
0.53625,-0.048452485672478146,0.1116494318212777
0.536375,-0.09907777069482404,0.23270644025455595
0.5365,-0.0669455676282455,0.5589383794818991
0.536625,0.2527536012912762,0.41926614131038914
0.53675,0.24579356904699612,0.14622768756799193
0.536875,0.014978794474966344,0.08753924573056493
0.537,-0.1715558953455722,0.0999857425079775
0.537125,-0.12089067823824998,0.18960592663235185
0.53725,0.09357835765641569,0.3386934849470895
0.537375,0.19811864014620603,0.4490319360126086
0.5375,-0.20502584822505895,0.06311025463633226
0.537625,-0.24980693489007294,-0.36906420623667613
0.53775,0.04736602287964751,-0.15571343672750534
0.537875,0.15830222680475722,0.07578321551989746
0.538,0.13286182693163165,0.021526179880898125
0.538125,0.3104019444946886,-0.11918669901436778
0.53825,-0.019054982304336564,-0.17710465963214972
0.538375,-0.28092631967846926,-0.07610508179798707
0.5385,-0.1807617873820268,-0.0993426691173291
0.538625,0.2752086341418245,0.11734199188442322
0.53875,0.22559532124551177,0.22203356937588914
0.538875,-0.20419312413717983,0.13131687225261296
0.539,-0.2970129875205615,-0.1860003881797116
0.539125,-0.09748057965884555,-0.2176909423758036
0.53925,-0.2485671058291216,0.12033038576249215
0.539375,-0.12850333034543493,0.2499610623345474
0.5395,-0.031844664390854,-0.025892291741346104
0.539625,-0.06513912117625534,-0.29450494231673613
0.53975,-0.49905224548082444,-0.02467941214359135
0.539875,-0.40189880343097445,0.08301413917534939
0.54,-0.03634291291674083,-0.008116378141002979
0.540125,0.1761310396615716,0.3540909898164371
0.54025,-0.12330158273590085,0.1350244952626836
0.540375,-0.46113653805250177,-0.25482590592297466
0.5405,-0.4040690755223871,-0.23155275994333108
0.540625,-0.31589489542731014,0.22435392048582184
0.54075,-0.09891599665628528,0.09538611151959678
0.540875,0.25718761154704717,0.047740861981960744
0.541,-0.04897328124073494,-0.18566635887568692
0.541125,-0.32976913620633846,-0.17606943993074023
0.54125,-0.3697557260469274,-0.06926088371645098
0.541375,0.17722633431235066,-0.12368022277287902
0.5415,0.31995943266722704,0.001549612876689589
0.541625,0.08677528162750264,-0.12988921997161376
0.54175,-0.029244076180304283,-0.48822930618642635
0.541875,0.11206605799753303,-0.3815579333885173
0.542,0.3259477221789243,-0.002159658976916438
0.542125,0.27184038729557924,0.1871941526803601
0.54225,0.11110953854065136,-0.12993091949911656
0.542375,0.047556095386175404,-0.3733333849320746
0.5425,-0.10145806520791978,-0.35985477337728516
0.542625,-0.18720298523460838,-0.2405302016145551
0.54275,-0.0674490329318015,4.9026881102808886e-05
0.542875,0.4380846102296177,0.13439129822031148
0.543,0.27038223687748214,0.06150795286841444
0.543125,0.006140981113105469,-0.355005896330266
0.54325,-0.12241627018633126,-0.2403916215772458
0.543375,0.021144385027929556,0.21279203958096748
0.5435,0.14156861479496632,0.3153155454739727
0.543625,0.3839157503904796,0.12080875472872198
0.54375,0.2488677272794605,-0.09309177627488908
0.543875,-0.19576311529710966,0.08621902784574788
0.544,-0.3825345972458623,0.15134448538089826
0.544125,-0.027635894998093834,0.17191914116669116
0.54425,0.32393947243627924,0.13081938320825265
0.544375,0.2562951239936418,0.05659990772668824
0.5445,-0.04581965025320808,-0.12431299048831201
0.544625,-0.13707598103897167,-0.3234122254547865
0.54475,-0.03494010141919777,0.0765501015052543
0.544875,-3.804386451050066e-05,0.38508944388489624
0.545,0.1060403326676958,0.26138199395985434
0.545125,0.23145536071529577,-0.04816003486373033
0.54525,0.01683257127280389,0.09134602167964119
0.545375,-0.21256797422954624,0.07854059491248512
0.5455,0.0319288002934263,0.0773934138048445
0.545625,0.4158975698917836,0.35322922247563443
0.54575,0.1928434653958189,0.4012702366711784
0.545875,-0.09953849514536381,-0.05447126760548019
0.546,-0.2631104642004952,-0.14674786896623454
0.546125,-0.23037314755655328,-0.10687700792784634
0.54625,-0.11872204419676902,0.4927137381376565
0.546375,0.12287370193778144,0.2691283867555556
0.5465,0.12027899120493858,0.029721660389112163
0.546625,-0.04034469609666557,-0.1975237305857784
0.54675,-0.3362653372646238,-0.016898114293250787
0.546875,-0.09285846846647156,0.03788910418759678
0.547,0.2628499783510205,0.08836069515539653
0.547125,0.1861163597195578,0.15793920013067037
0.54725,-0.1298006796803041,0.09700127905738398
0.547375,-0.15578258882052518,-0.03815587085611546
0.5475,0.0394132063057729,-0.029372122988665775
0.547625,0.2079057183552624,0.21742973758482254
0.54775,0.09418018933384108,0.3014164385116049
0.547875,0.08188593684868095,-0.10464192762850211
0.548,-0.20666325925684723,-0.27071723080962323
0.548125,-0.6255579447640217,-0.18739636715655578
0.54825,-0.44777012927235693,-0.2588836422774629
0.548375,0.11370487509522667,0.14249743154026526
0.5485,0.21272760881659955,0.050428743849415404
0.548625,-0.24485424101494188,0.09058047367586179
0.54875,-0.23785874116905542,-0.3353707969003739
0.548875,-0.35320439169893053,-0.14250710802754213
0.549,-0.07679853665342848,0.10845606732062511
0.549125,-0.1514921972828915,0.09482066590293373
0.54925,0.0023613982066604646,-0.2505699012422799
0.549375,-0.006330324664034814,-0.1577634035413941
0.5495,-0.17835913604419412,0.021361858191668765
0.549625,-0.3612980237514528,0.14257746148565656
0.54975,0.17084525067197642,0.3307529840681534
0.549875,0.261430147904583,-0.011968040482231726
0.55,-0.2876495154407225,-0.19690283150359708
0.550125,-0.25279396583622255,-0.4853251030345986
0.55025,0.047359693706204554,-0.3903336064323553
0.550375,0.3658558340099041,0.11728993788863422
0.5505,0.21764685088104188,0.14569266392992516
0.550625,0.26210895480545293,-0.15691140661419498
0.55075,0.236003393138161,-0.24103437232247152
0.550875,0.13498696002457802,-0.21512621727947254
0.551,-0.03173047360949352,-0.06304565840527115
0.551125,0.2331618213934015,-0.10192040359773812
0.55125,0.4917466792065983,-0.16742490388603265
0.551375,0.057326216430719966,0.10668048143563373
0.5515,-0.15571439754558802,-0.2340982327303402
0.551625,0.0036006180378566808,-0.14303387129347508
0.55175,0.12200488828433795,-0.07543691187380863
0.551875,0.19784786918127245,0.14120127962842854
0.552,0.10497111100800932,-0.17358001982220606
0.552125,8.31825599082477e-05,-0.19134232242723004
0.55225,-0.17677479954727693,0.01318395661362631
0.552375,0.02019612643132118,0.30259966258300747
0.5525,0.23235348253026664,0.3850130020030082
0.552625,0.3416319523432935,0.3769103266975068
0.55275,-0.07850404773830197,0.18299733247706357
0.552875,-0.15176067772378835,0.058104719231874845
0.553,-0.13632784927086003,-0.12490503430505749
0.553125,0.1724527563401767,0.24883954281757834
0.55325,0.09535088714970777,0.2587118213594506
0.553375,-0.07831235141222799,0.009015330807225962
0.5535,0.10749600861642966,-0.06248101297141735
0.553625,-0.01791787832240922,0.17027816220107508
0.55375,-0.18514941025346857,-0.036002904020809516
0.553875,-0.08200281362807828,0.09337188673902695
0.554,0.23743565410861758,-0.0066931169791159565
0.554125,-0.07849073703425495,0.10115750478302518
0.55425,-0.32372850174454765,-0.04634222508226652
0.554375,-0.06200145562594815,-0.07939635251756916
0.5545,0.30132871079654505,0.006777129026461422
0.554625,0.18508538290865897,0.4623846691106771
0.55475,0.018763428243332582,0.11677754929599676
0.554875,-0.21722669841868988,-0.06970757621916353
0.555,-0.1480553789667985,-0.0077433629259702295
0.555125,-0.24888989599851752,0.15622054407766112
0.55525,-0.009099183271268425,0.06536745026706837
0.555375,0.19306537258969772,0.06925807809441448
0.5555,-0.0877216294299413,0.02481589933115031
0.555625,-0.34340566616608476,0.01575390333377604
0.55575,-0.24207634849638554,-0.2290217472848321
0.555875,0.1301613606514575,0.05194057939512304
0.556,0.02992701987866139,0.22256655785729723
0.556125,-0.25658083040591206,0.027449914869834956
0.55625,-0.2613697016429116,-0.3783744311127002
0.556375,-0.13009658658796816,-0.04029815238028904
0.5565,-0.24563997314511096,0.23313153212967
0.556625,-0.10592441276763387,0.2699724031745631
0.55675,0.17326265219147396,0.10732016415480806
0.556875,-0.05141435120278054,-0.09095704978700211
0.557,-0.48068292327890644,-0.17298333746767497
0.557125,-0.37747469031660374,-0.26621509791150794
0.55725,0.021231892581758324,0.0010603280975013951
0.557375,0.109901092120008,0.1250838155345156
0.5575,-0.07903807250740587,-0.09847948104954848
0.557625,-0.05465894696118731,-0.2985863287949359
0.55775,-0.00597690110778085,-0.21093037285617613
0.557875,-0.0010986428470974054,-0.022860891120063787
0.558,-0.08281207772476165,0.03338715176471365
0.558125,0.22283269240452214,-0.18598766462727412
0.55825,0.04688659695491702,-0.30426710253119577
0.558375,-0.25653112653178667,-0.2781399222335419
0.5585,-0.17785229553998796,-0.10407980102599025
0.558625,0.08577141518189962,0.007243551267522922
0.55875,0.23015931242543047,0.13299042448425258
0.558875,0.2689812050622278,-0.250979960783696
0.559,0.07009669915101732,-0.45025448755939873
0.559125,0.1763975128291484,-0.280234774928212
0.55925,0.09770998477969581,-0.054639958324105474
0.559375,0.010880456526979252,0.22413871709553695
0.5595,0.1716996057893282,0.054712824103913725
0.559625,0.23652735073495276,0.046679873419068374
0.55975,-0.2566386963381076,0.05517435937440727
0.559875,-0.2724325185642008,-0.13255152876381582
0.56,0.04461403261115973,-0.016638254991885513
0.560125,0.5034107715191235,0.25652140008301283
0.56025,0.3080456547522133,-0.053722697874267505
0.560375,0.06663445587251729,-0.24790627967737272
0.5605,0.078697655282778,-0.17116436711937916
0.560625,-0.1383650922316335,0.10012914401071954
0.56075,0.011772950866749963,0.36228908872346993
0.560875,0.12715906747284483,0.11966969971909491
0.561,0.24107739360159297,0.03877257364268456
0.561125,-0.3329526326509737,0.23064788696705657
0.56125,-0.3082114375058446,0.022726899988679064
0.561375,-0.10915126595905392,0.06388336202276394
0.5615,0.21575964124344593,0.21574200775234575
0.561625,0.16964391221279018,0.26231513868954204
0.56175,-0.019955425800813435,-0.19822544332548356
0.561875,0.003114659365344382,-0.2627646343974805
0.562,-0.04111580505387467,0.23495377369603337
0.562125,-0.09026772874426257,0.45146482629961077
0.56225,0.20767479120603366,0.0781284200849174
0.562375,0.1405819114050749,0.013213328968745618
0.5625,-0.2445019582714592,-0.06135246105192122
0.562625,-0.14553350314172342,-0.24800461331899593
0.56275,0.22545126736512996,-0.050100580771793246
0.562875,0.6545163163179724,0.18917961446003614
0.563,0.2322529230783409,0.15677994892380748
0.563125,-0.14316609100392366,-0.062026455082952306
0.56325,-0.06500047714634963,-0.35024262093632996
0.563375,0.06094467174490324,-0.007801892268502631
0.5635,-0.001994681442935314,0.2923785471456623
0.563625,0.29123888413918864,-0.010032268270001976
0.56375,0.15690097932292651,-0.07172009426290162
0.563875,-0.16818627621991347,-0.05488810179413343
0.564,-0.32274891747806655,-0.07943491155683431
0.564125,-0.02900677962303039,0.12348352936686473
0.56425,0.25021245232951617,0.10907235984290453
0.564375,-0.1279455669956217,0.052475623741317305
0.5645,-0.4473836362593649,-0.24018777031293947
0.564625,-0.20090458866150507,-0.2915646755940343
0.56475,0.015613022837608622,0.273730873991244
0.564875,0.07862710926364615,0.5882354010505407
0.565,-0.15301893590620713,0.2859417118936853
0.565125,-0.19174580147448667,-0.0651156455054796
0.56525,-0.3281845804349999,-0.07838948294061619
0.565375,-0.4179341626648822,-0.1108061342394159
0.5655,-0.1982242018858557,0.019333592034337325
0.565625,0.1883927721149691,0.2494951705483308
0.56575,0.09508536013626695,0.21814439014251558
0.565875,-0.07591859913762028,-0.2723192690798384
0.566,-0.32757489990162025,-0.2535874280736765
0.566125,-0.090558969951893,0.04056684790107007
0.56625,0.13145144142594828,0.26945763012604634
0.566375,0.10142234285355987,-0.08265961407567322
0.5665,-0.04479837899614392,-0.35799776502096226
0.566625,-0.22087849183231323,-0.20880270863260245
0.56675,-0.421556467103299,-0.05057541767742889
0.566875,-0.26232383238961077,-0.07674867143625112
0.567,0.2654976395840229,-0.10125237740970337
0.567125,0.21438843208749112,-0.1564543217853536
0.56725,-0.11436342297984471,-0.23737033092159476
0.567375,-0.003866001653717522,-0.40959469859266207
0.5675,0.18185088418582918,-0.10775901761706891
0.567625,0.14176281953332526,0.12974232362759666
0.56775,0.2445565348187973,0.10131474524899005
0.567875,0.31343069751460695,-0.11899663179351248
0.568,0.3095279324860974,-0.18911413130885124
0.568125,-0.027643797573139683,0.08839021300185694
0.56825,0.1472828198680564,0.020973742523929438
0.568375,0.5980636561015567,-0.005638352746640482
0.5685,0.5097632901331456,0.016927373094831565
0.568625,0.0441828255123292,-0.14498571806600577
0.56875,-0.16204937664713465,-0.33765669195301734
0.568875,-0.05231701852178548,-0.32926823768606456
0.569,0.2281879535352384,0.16283969038884563
0.569125,0.19938491928589666,0.30593967251123777
0.56925,0.2939967225774873,-0.06667485423169259
0.569375,0.3039650615087606,-0.04788189697030537
0.5695,-0.228816650625319,0.12387112877937727
0.569625,-0.1367644081475802,0.15291582327682793
0.56975,0.14371876461756478,0.16072324368202637
0.569875,0.391535673661136,0.33305411567635196
0.57,-0.16466830669017085,0.04961917900086699
0.570125,-0.22300158100412254,-0.03699981011728427
0.57025,-0.12690052653369532,-0.03742375113505972
0.570375,0.2405023820529364,0.32976126179396764
0.5705,0.20380713509517734,0.31893569641150255
0.570625,0.09118314278584283,-0.035371431660641495
0.57075,0.1578106377612436,-0.19437094137457184
0.570875,-0.42763751193739385,-0.03183800067579367
0.571,-0.43592440270126187,0.06381964471320482
0.571125,-0.07917218392663365,0.2986994481434883
0.57125,0.2759710752041246,0.3128371886521065
0.571375,-0.14330518936814018,0.16957017043228845
0.5715,-0.42447250601858855,-0.17490047064459127
0.571625,-0.14924944301293896,-0.1522015381552803
0.57175,0.02089018097377917,0.19717736410395437
0.571875,-0.024972976088391576,0.15424348713093589
0.572,0.003795065064426862,-0.0991494705023858
0.572125,-0.12133858124067351,-0.345492468665756
0.57225,-0.26404152985093066,-0.09966470664590056
0.572375,-0.218715735580527,0.1935849409024254
0.5725,0.06234304417741621,0.20818158738583864
0.572625,0.28057471530483696,0.026332875941649566
0.57275,-0.07334952016659073,0.18896239925902578
0.572875,-0.19773175384728808,-0.27156574438822
0.573,-0.02761658877032523,-0.5005492829595061
0.573125,0.15618808009284846,-0.05690379492786173
0.57325,-0.024136015847664068,0.3145623786054968
0.573375,-0.19894650097614916,-0.09842715645104645
0.5735,-0.12468773106185452,-0.31371106074086924
0.573625,-0.16306587950094084,-0.06807174632795632
0.57375,-0.40575903274988756,0.06169859623869434
0.573875,-0.017644970643204305,0.11937352475739968
0.574,0.10816579993182743,-0.009142378598138524
0.574125,-0.026250836802183368,-0.021169789777311456
0.57425,-0.2623911989978571,0.08581889141533595
0.574375,-0.16656383797310292,-0.056090853173487734
0.5745,0.07591334787788961,0.1458458420875447
0.574625,0.06105503706574464,0.24356528465613456
0.57475,-0.10074465756281245,-0.06299848650544165
0.574875,-0.13968080011309894,-0.18911229650159794
0.575,-0.19086742978061325,-0.14335334705096628
0.575125,-0.3270568860193772,0.056508847233396935
0.57525,-0.04198397487171443,-0.0016975798308783746
0.575375,0.2695767283632389,-0.07572045818900074
0.5755,0.20655007359905053,-0.07237419941218363
0.575625,-0.049552125747236365,-0.23363978660228021
0.57575,0.01347579036464956,-0.2776212472098495
0.575875,0.23460932042050492,-0.048680627352998454
0.576,0.4058497216260011,0.08819532480948652
0.576125,0.30333842484714046,0.051808047508875084
0.57625,0.1765932491965479,-0.243517688281746
0.576375,0.33357290682296104,-0.1889771279329541
0.5765,0.1460302611742549,0.09499544405393556
0.576625,0.39481111074978786,0.12441462866450619
0.57675,0.3515800098467172,0.038126682223906
0.576875,0.13204394696785715,-0.06553591583937698
0.577,-0.4586041918161557,-0.2771793091088925
0.577125,-0.2747318970245659,-0.26561881920905844
0.57725,0.041881038760082145,0.07260282989414263
0.577375,0.12021962115546474,0.35077298133914964
0.5775,0.05929620514039315,0.2812266150762364
0.577625,0.1217379691264318,-0.07524450788461028
0.57775,-0.17029563666857492,-0.02341095652455726
0.577875,-0.0003367598584936904,0.3061133554092615
0.578,-0.03983250073018704,0.25012071256027335
0.578125,0.20155695205887908,0.10790095529493596
0.57825,0.06169528199233128,0.31131453486732924
0.578375,-0.15775762216904815,0.2358427791482535
0.5785,-0.22381737799978207,0.08443217008924463
0.578625,0.09257513254857691,0.2226083960686018
0.57875,0.23336689216553425,0.5273704929858846
0.578875,0.09080547443042458,0.16636917600323195
0.579,0.11886537456698788,-0.3389245847948647
0.579125,-0.05511530533911607,-0.3086509289693073
0.57925,-0.18753838672228984,0.036065230725738646
0.579375,-0.016606212773307222,0.23326624280017857
0.5795,0.23543717903901631,0.009214747108860511
0.579625,0.17243843709826198,-0.025003165873773797
0.57975,-0.2728637120911839,0.03609615795652539
0.579875,-0.520545092777106,-0.0052185775968540135
0.58,-0.01256211068547547,-0.10938880486546507
0.580125,0.11231631611222347,0.3250626144305675
0.58025,-0.1092635514293122,0.20559938341922776
0.580375,-0.15302334191063355,-0.181080716302282
0.5805,-0.2357587217085332,-0.1831682499761166
0.580625,-0.29946541305724494,0.181378489346678
0.58075,0.02277041101081602,0.10347177961365614
0.580875,0.15032627014580102,0.1364601981578508
0.581,0.007181590187965703,0.05628872485903889
0.581125,-0.4283105654327576,-0.09279345077080847
0.58125,-0.6151152932406667,-0.19160109585409277
0.581375,-0.36403666260380835,0.005920291168800975
0.5815,0.19912280601245863,0.20257644941041403
0.581625,0.14650948504659353,-0.0684247736677897
0.58175,-0.19519749313501095,-0.298005906501084
0.581875,-0.16359134745550222,-0.4518478141387169
0.582,-0.07464701731564154,-0.14058964623506096
0.582125,-0.09026658908714638,0.20738290755520522
0.58225,0.1306442020323203,0.15652568103136885
0.582375,-0.028270271982382432,-0.10115987014254317
0.5825,-0.31856080064653286,-0.1383067668445431
0.582625,-0.669873625758048,-0.18532055267164776
0.58275,-0.28591754766046806,-0.023517470037623552
0.582875,0.26095573555984275,0.08054226854267185
0.583,0.0577354110945416,0.12667770589972163
0.583125,0.08476991190988002,-0.30370257230931047
0.58325,-0.11681252424767931,-0.28134043804491865
0.583375,0.11771967804275484,-0.1784153412252218
0.5835,0.113185952532271,0.21861052372415232
0.583625,0.457310185396035,0.042883166427692514
0.58375,0.18663531772998668,-0.08002542989236097
0.583875,-0.1477293140840635,-0.15562126049724295
0.584,-0.1999681612416318,-0.1047467873663157
0.584125,0.039436685571431374,-0.13803810791666207
0.58425,0.4520038904961179,-0.02024407809100405
0.584375,0.2779771146989741,0.05573209958566423
0.5845,-0.14093597287890597,-0.07517722974217114
0.584625,-0.22906988351410196,-0.6976985621167541
0.58475,0.20087305119730284,-0.22015326020941475
0.584875,0.1641825380736025,0.2846921113084525
0.585,0.3218250680651021,0.1834745944716824
0.585125,0.2759839525176273,-0.0004418860321063986
0.58525,-0.12435533763118349,-0.0011536940797654814
0.585375,-0.5099518533881516,0.023158141066585897
0.5855,-0.17417314255007751,0.07008109434350715
0.585625,0.4689955748893552,0.24596141847777683
0.58575,0.35328569550425876,0.04592635507507743
0.585875,-0.11027760746883371,-0.050354656144721635
0.586,-0.08474404274086861,-0.22181916851081346
0.586125,-0.17809380832463673,-0.06849653348982662
0.58625,0.0021261544500323698,0.41035574040347195
0.586375,0.2950729246564712,0.3488979002870374
0.5865,0.19856491313838334,-0.15700075463060856
0.586625,-0.17008554281103544,0.014694892813407317
0.58675,-0.2231403734180306,0.04965009503307154
0.586875,-0.05659492534232319,-0.023580556879754744
0.587,0.2792866175109392,0.1275970858021554
0.587125,0.1893770872578396,0.19142021312105276
0.58725,-0.12422861551273189,-0.012580836595191108
0.587375,-0.29172130578256966,-0.3414151713665925
0.5875,0.03231502033713562,-0.07162490004481557
0.587625,0.01403012325076445,0.3543655457437278
0.58775,0.11944921216496952,0.16308148051572757
0.587875,0.05183369442994836,-0.06182497649119218
0.588,-0.09239446109668152,-0.005632528861822082
0.588125,-0.29150453640532914,-0.1177544015889495
0.58825,-0.16370930024670718,-0.02471291773360645
0.588375,0.27897793246191727,0.11112384671662588
0.5885,0.3987833751739601,0.21666527921684028
0.588625,-0.18743648855255948,0.01485219247396167
0.58875,-0.42273832050175303,-0.1303750774342404
0.588875,-0.17670684728750877,-0.013432223485673855
0.589,0.028139673384379844,0.2515244588547924
0.589125,0.13604905765205869,0.30942449965953256
0.58925,0.22634569111277617,-0.1858328716421545
0.589375,-0.13604674616240833,-0.24615916472993793
0.5895,-0.47146158510871916,-0.06650101386392347
0.589625,-0.3623678205643548,0.04857470771131906
0.58975,-0.054848066681443396,0.1968180411014705
0.589875,0.1306555206137724,0.15374276432633224
0.59,-0.191167904671904,0.05346795376345807
0.590125,-0.533836330075781,-0.22113081780937136
0.59025,-0.43607802665233275,-0.038046318912010456
0.590375,-0.015397062349264553,0.24307295228866696
0.5905,-0.009423497026909788,0.38416613807376826
0.590625,0.07370980714459638,-0.17032860379116666
0.59075,0.01693948915995147,-0.3095841578641528
0.590875,-0.25985261956889294,-0.08590727575766428
0.591,-0.3652201528696065,0.2666912077819995
0.591125,0.03957342712461879,0.05332183871177683
0.59125,0.28953955761896144,0.09011626024074304
0.591375,-0.03236539445434198,0.0782807916238261
0.5915,-0.5011693859847384,-0.35125188638566124
0.591625,-0.13295394444786407,-0.3960039807050337
0.59175,0.11324654417886289,0.18718848227484686
0.591875,0.07892306821511959,0.10987498826512167
0.592,0.32433269749201576,-0.1958072664935109
0.592125,0.023486523281599156,-0.541897272198787
0.59225,-0.1036591353915526,-0.3091186852515497
0.592375,-0.09779832526775843,-0.08245472817199505
0.5925,0.37417718195034666,-0.12436969103148804
0.592625,0.5174531482405749,0.07396668108450873
0.59275,0.2783507294484865,-0.05823908947627644
0.592875,-0.18199632978512037,-0.2728662730808102
0.593,0.09030133014112127,-0.33473423337143493
0.593125,0.22363443978053144,0.010737893734584968
0.59325,0.2912782965223069,0.27657560107647494
0.593375,0.24810160114832439,-0.11780173658399312
0.5935,-0.053658823610605935,-0.41352870301795025
0.593625,-0.18322882036257526,0.04597813251226505
0.59375,-0.17079060580410527,0.18679161118300308
0.593875,0.3476443985600876,0.2102935659944944
0.594,0.40927254342096686,0.1375641397371003
0.594125,-0.05388789400805056,-0.010068794945529506
0.59425,-0.2164352005148206,-0.3150384159267688
0.594375,-0.19290436679602257,-0.004859999085339326
0.5945,0.1430219122406175,0.3905905499382115
0.594625,0.1221586186713745,0.5946498397206793
0.59475,0.19472820897965815,0.2698906206566172
0.594875,0.1427528145493835,-0.04994487322295346
0.595,-0.18241985493350205,0.03205158979909812
0.595125,-0.2306915464882287,0.3626952519707273
0.59525,0.07734784270041552,0.32802865128714187
0.595375,0.2521094229286104,0.061167095233296005
0.5955,-0.08959996585545012,0.08760217526500647
0.595625,-0.2617415570350196,-0.23249485667990488
0.59575,-0.03057124674257692,-0.02571022798159827
0.595875,0.11229705590630656,0.42643109637965443
0.596,0.21001101378768053,0.46690227150300045
0.596125,-0.14376877921725895,-0.059877261035083854
0.59625,0.15132216613567867,-0.3591935509865863
0.596375,-0.13351578827642435,-0.2559028223085864
0.5965,-0.07253618678142142,0.17472884780691111
0.596625,-0.11738067295904217,0.17760505989343547
0.59675,0.3813126488991413,0.1503369249624608
0.596875,0.36136803009974494,0.006143640324245063
0.597,-0.3794908008344183,-0.0736811629561385
0.597125,-0.5499846498305156,-0.2205158310419503
0.59725,0.003951690787863907,0.07578713807983806
0.597375,0.1833267380027519,0.2172160767959992
0.5975,0.07016659795736778,-0.060010288351413636
0.597625,-0.07384017295787239,-0.3067765166067716
0.59775,-0.3879559516273328,-0.001504548481641076
0.597875,-0.4981160122693071,0.3570001668515591
0.598,-0.08338012547800816,0.15936644263760388
0.598125,0.38020406025371034,-0.02156338371750469
0.59825,0.15362884977995675,-0.04681523243182749
0.598375,-0.2582890718053929,-0.07973050425786007
0.5985,-0.24340913608621612,-0.2792813952855401
0.598625,0.1920481009008603,-0.09851416543054885
0.59875,0.33629280836417086,0.35130343503072636
0.598875,0.06409518798200438,0.4159944852481799
0.599,-0.3789210213667691,-0.2367605853857966
0.599125,-0.4899929989807222,-0.28700925792115434
0.59925,-0.5675350832688941,0.017336712038243263
0.599375,-0.49701803730380684,0.14877169533649054
0.5995,0.24245344004658448,0.09584837016107883
0.599625,-0.026617046442642973,-0.19965467792556763
0.59975,-0.4144071151349242,-0.2883367031995865
0.599875,-0.4496635376124966,-0.3037189589859352
0.6,0.10147289562118221,-0.021252414762518348
0.600125,0.462881515298078,0.0688685703057261
0.60025,0.08162365194763713,-0.04377736289512475
0.600375,0.16451521788366535,-0.293414335970965
0.6005,0.2732005485657407,-0.19303068165556533
0.600625,0.11836295161015166,0.023067003747623632
0.60075,0.010746320525188851,0.1773299208024892
0.600875,0.4078759294110661,0.10456441755365196
0.601,0.6636086069488184,-0.4962992687511288
0.601125,0.17858566690444178,-0.3804622262448104
0.60125,-0.08477442457761744,-0.5481746586204751
0.601375,0.282308246754046,-0.2097287062735523
0.6015,0.35955191890842286,0.13762529380750455
0.601625,0.15456798723248952,0.14930057647563144
0.60175,-0.22365481552752556,-0.3194573077404732
0.601875,-0.2388043783177402,-0.3880867395898909
0.602,-0.16125157983121355,0.09922657479337836
0.602125,0.0665765420366601,0.28279215141498765
0.60225,0.459819737516727,0.047829292416421434
0.602375,0.6864865100404728,-0.11157520119068239
0.6025,-0.08481953697177415,0.15253067413773574
0.602625,-0.4317617744369843,0.1481152027103664
0.60275,-0.1922042494170382,0.07898146696993937
0.602875,0.4282545040631061,0.4149283066139702
0.603,0.045890927708946525,0.5606469015376873
0.603125,-0.2822800564251617,0.17434927790032617
0.60325,-0.12357994173202237,-0.17389624212510083
0.603375,-0.12244570601599232,0.13268083050075904
0.6035,-0.05083050586304976,0.4224147391801413
0.603625,0.4244188620089837,0.2375334563017861
0.60375,0.5516108495218813,-0.28300003662718975
0.603875,-0.05387900035574637,-0.36810874654262254
0.604,-0.5694260563998736,-0.17316371548710657
0.604125,-0.09328017399929757,-0.09294041726583102
0.60425,0.3296720353969269,0.45157766368018837
0.604375,0.178600408417796,0.49710530275615805
0.6045,-0.2594505968882427,-0.10066173768363827
0.604625,-0.3967724300687644,-0.5476753556729727
0.60475,-0.06670018575049214,-0.16944001692833996
0.604875,-0.06288459837978264,0.1922176161676153
0.605,0.1848263354221468,0.22263540786467195
0.605125,0.21313933992175726,0.00733416484733949
0.60525,-0.043875666480161696,-0.19777724616141018
0.605375,-0.4830165228368665,0.03438970839858702
0.6055,-0.10495568822455191,0.13133625999722973
0.605625,0.39703955021517334,0.4862285560015539
0.60575,0.33642512634705113,0.31692529249160833
0.605875,0.01563866621582867,-0.17113089611445378
0.606,-0.38831456326676805,-0.4196068019096186
0.606125,-0.21842264130976957,-0.15704346403222175
0.60625,-0.16172961426596974,0.2748835464679949
0.606375,0.009850100586601077,-0.007134187063499247
0.6065,0.22043059369083454,-0.26366552271030363
0.606625,0.06223778105488371,-0.3743086941885822
0.60675,-0.5457030233789351,0.014779185944076385
0.606875,-0.4930128764998122,-0.06733825821812332
0.607,0.182366069518438,0.20872205676673278
0.607125,0.36866721848783873,0.17859185563748053
0.60725,-0.12117187713151265,-0.06525117127720959
0.607375,-0.28627976405068595,-0.49020898048017375
0.6075,-0.2154932220631358,-0.24482215293491894
0.607625,-0.1614276207721292,0.2826197696115265
0.60775,-0.15088471795793404,0.1712734185988171
0.607875,-0.013814572626213845,-0.23757930764411714
0.608,0.018891858157968216,-0.24038435357660196
0.608125,-0.1178781554972901,-0.10008237921590185
0.60825,-0.07151522903437586,-0.22085063589458323
0.608375,0.4020800664696193,0.04649977056629497
0.6085,0.4435903148910851,0.19822440867913557
0.608625,-0.3014680115387081,0.11542509209347893
0.60875,-0.4142029703999724,-0.49851740841853515
0.608875,-0.01360109793597899,-0.24822674254840216
0.609,0.24611981349914533,0.10769757544021559
0.609125,0.3706805603550956,0.2691695266556711
0.60925,0.49635165521104757,-0.015944772808608072
0.609375,0.1315112003218469,-0.296028725826191
0.6095,-0.3839529560406416,-0.09988130523603742
0.609625,-0.3989276141352598,-0.2311604910553828
0.60975,0.41194362545319996,-0.010121396884834686
0.609875,0.4673536621869362,0.044672758358551154
0.61,-0.008894697983416987,-0.007686623762309876
0.610125,-0.2698792788722089,-0.1124367673906205
0.61025,-0.09276033398100182,-0.07458453390069604
0.610375,0.3049077176437858,0.3742183551030405
0.6105,0.11928553646740607,0.205640019561241
0.610625,-0.17722091154858996,-0.11975897001704565
0.61075,-0.17289313444058332,-0.3034521307897188
0.610875,-0.3501014978712818,0.10618905015103254
0.611,-0.4013773009084093,0.2564744090647286
0.611125,0.402379441697043,0.20173855824212658
0.61125,0.6482683093592014,0.31893088756722626
0.611375,0.016949434043516884,-0.0009715914563570061
0.6115,-0.19910065989004216,-0.3658448905472696
0.611625,-0.06207127864780489,-0.25838909843599905
0.61175,0.44578384955371153,0.3112754030406798
0.611875,0.29653137396092377,0.6282908523425764
0.612,0.37150943654624635,0.05843273461600931
0.612125,0.17953155394187906,-0.2664508831237879
0.61225,-0.3044203588755074,-0.11699152814047842
0.612375,-0.5071402506027799,0.33345778821098554
0.6125,0.1201562591277574,0.20676521383290958
0.612625,0.402318152889058,0.11227586360581623
0.61275,-0.03584078152577699,0.06463489460973995
0.612875,-0.552333829163704,-0.39335610161312706
0.613,-0.17604121247515106,-0.3548160754754948
0.613125,0.18198761876751787,0.3589286332522806
0.61325,0.04576613101658538,0.6760740922485422
0.613375,-0.019607773075847507,0.30731801196875147
0.6135,0.04423150404113311,-0.3310811858375708
0.613625,-0.17099061481490246,0.022584792019031748
0.61375,-0.3959965843061762,0.30284294263367817
0.613875,0.21373717925513278,0.3921613740383599
0.614,0.41243487973832477,0.1920819720142775
0.614125,0.054085266642665254,0.10676211226264663
0.61425,-0.5903496086180448,-0.2925460091477811
0.614375,-0.29557803807492794,-0.2603538912314355
0.6145,0.3476807955196069,0.10862744895945503
0.614625,0.4700190729201375,0.3118633736855479
0.61475,-0.04913102281030053,-0.025054597337265012
0.614875,-0.18401778188236045,-0.5245307869630037
0.615,-0.32204506472407035,-0.3135554807374754
0.615125,-0.3498064646352696,0.07967689502501389
0.61525,-0.0409318220376766,0.165211905608027
0.615375,0.3878068621952802,0.004632662984115813
0.6155,0.16749754088520533,-0.026445353187858518
0.615625,-0.5042987108338294,-0.15248894796229367
0.61575,-0.5060682845631477,-0.23688591662674707
0.615875,-0.2071251246273668,0.09740254726132051
0.616,-0.09466381328260273,0.3407636927076686
0.616125,-0.03160198479314272,0.00891151109565376
0.61625,-0.1630851045330777,-0.60116782850163
0.616375,-0.2625711151140356,-0.42908336512118916
0.6165,-0.26711779986104006,0.211325280032041
0.616625,0.24384307279172565,0.26635737251482616
0.61675,0.3793514850929942,-0.07203493451439157
0.616875,0.2720638873206805,-0.1023227898060139
0.617,-0.3399212938944538,-0.21366185224264966
0.617125,-0.12662092229088637,-0.3650030581327312
0.61725,0.34555388003597,-0.15549349448464847
0.617375,0.5934731347167206,0.47909607140680305
0.6175,0.2651817714585579,0.0909823393340876
0.617625,0.04542206842973005,-0.561307124422787
0.61775,-0.0027236435092941524,-0.6652236325078901
0.617875,0.07746500815912506,-0.19209831155584725
0.618,0.14286627965166607,0.023493985999723056
0.618125,0.4680980955622256,-0.15009959908321824
0.61825,0.2590911826988263,-0.16123761476464304
0.618375,-0.2188874375657845,-0.24759464887230634
0.6185,-0.3826924472278914,-0.1722547301341032
0.618625,0.3913951254894303,0.2371854036813028
0.61875,0.38158209001127985,0.44292793900053373
0.618875,-0.0038064985986858524,0.09951214190200894
0.619,-0.28957332195135693,-0.2852444841926309
0.619125,-0.2335176819609627,-0.12848457675675334
0.61925,-0.277114513932907,0.47485479870424624
0.619375,-0.08851057901058652,0.5535494677604017
0.6195,0.1659215038404345,0.06408574032120196
0.619625,0.24616792027496184,0.12391075261118473
0.61975,0.08293302193195616,0.20275247706964875
0.619875,-0.1887861971550814,0.011438948989385729
0.62,0.3280916487008195,0.2408251862524754
0.620125,0.3995840402511211,0.5346698735115819
0.62025,-0.04444976349444409,0.2990445288470113
0.620375,-0.33710254587592897,-0.23647527618017686
0.6205,-0.0722458451535906,-0.2649982932952042
0.620625,-0.007002355599728263,0.31935126773559813
0.62075,0.2242660901569474,0.30089428907195037
0.620875,0.35165805546812134,-0.06599595832895225
0.621,0.3448635348060376,-0.07756498183576563
0.621125,-0.31114084097241285,-0.0635915112418991
0.62125,-0.5072244988716171,-0.34920049620261084
0.621375,-0.05419568799199125,-0.00920870197797683
0.6215,0.4414733546044546,0.35219059261580055
0.621625,0.16606203652538962,0.3633255919036972
0.62175,-0.1613921196358989,-0.152261665954444
0.621875,-0.2768926165807512,-0.27512882587663134
0.622,-0.2654770685475353,0.16451557015090462
0.622125,-0.09244036198244862,0.2567994453749327
0.62225,0.10842544899646007,-0.05638518890508636
0.622375,0.07963122806670989,-0.261811684911796
0.6225,-0.43495314192264367,-0.2855113201956404
0.622625,-0.6528986204955473,0.00500479735084816
0.62275,-0.16870022313104352,0.14046377950505473
0.622875,0.4120898491425423,0.2985586362669805
0.623,0.16020109626188167,0.1526686987022451
0.623125,-0.26249615992305414,-0.2102990173182294
0.62325,-0.2465447702201319,-0.32783903372771334
0.623375,-0.10979695470913833,-0.04924628494422998
0.6235,-0.17998897490115381,0.28396058156050086
0.623625,0.04024348646331273,-0.017482765885836783
0.62375,0.05529975752647903,-0.22749974337409637
0.623875,-0.29557182312477426,-0.14483924429466244
0.624,-0.5390123109475077,-0.18544033512215033
0.624125,-0.379733454968273,-0.04354199834103112
0.62425,0.2705491305802206,0.3298333863652221
0.624375,0.0986224110749882,0.11574004130719696
0.6245,-0.5378267139844339,-0.29548092933818615
0.624625,-0.5353412921533742,-0.3497615641642228
0.62475,-0.3528232228457084,0.1408591910502588
0.624875,-0.09172348871964406,0.4170075512329836
0.625,0.40703924947728276,0.0695985073352508
0.625125,0.39917702110867204,-0.24435347781083
0.62525,-0.009310091923968441,-0.2957987132291922
0.625375,-0.437636388291909,-0.10917053110788351
0.6255,-0.3366813846197971,-0.2471897584935962
0.625625,0.21279270872451841,0.056021649949728095
0.62575,0.36425299370255654,0.12636747874082863
0.625875,-0.1887341283958194,-0.3089949484250322
0.626,-0.12116161107877056,-0.5109481159180406
0.626125,0.4698760378115577,-0.16065772647996893
0.62625,0.49001439248146306,0.3589485104761258
0.626375,0.4115021168504667,0.1810254935652705
0.6265,0.5672765452211295,-0.6106156016693165
0.626625,-0.06540084366799409,-0.5427833039991087
0.62675,-0.4836900007955566,-0.2161905294731718
0.626875,-0.15032632370038318,-0.17720850209440278
0.627,0.41070422510910665,0.1873051717043807
0.627125,0.4149803324608378,0.17207991876526674
0.62725,-0.13534318606137777,-0.09654634043820957
0.627375,-0.2454993517577832,-0.40304909733680844
0.6275,0.1793404496233905,-0.12832579539015215
0.627625,0.1053926595742275,0.4579526046193558
0.62775,0.11661026781366983,0.35060780517495416
0.627875,0.28108844779570324,-0.17022633411942859
0.628,0.10432854246478998,-0.11115061215887849
0.628125,-0.42824527418426067,0.2272835507983966
0.62825,-0.24303510993402258,0.5182424570851101
0.628375,0.6730919725843174,0.4154120748567628
0.6285,0.6269047015256718,0.44134585052146535
0.628625,0.0467680368482317,0.05348010130063685
0.62875,-0.29773347354796553,-0.3559732528394512
0.628875,-0.31497224958630293,-0.07863451379385943
0.629,0.05761483410036529,0.3467430756523393
0.629125,0.036799030650545565,0.3264250052357722
0.62925,0.008298120377045214,-0.1265526382952306
0.629375,0.0011162091264691504,-0.020635328723804313
0.6295,-0.5262252198512333,-0.03834902519744955
0.629625,-0.25343570575357294,0.14971884408705086
0.62975,0.36554999896162,0.2644802881508348
0.629875,0.3863159634167557,0.1268371228244364
0.63,-0.07866804089912853,0.0738420705909594
0.630125,-0.5023964436439735,-0.4782394472756176
0.63025,-0.1013328807930372,-0.22198824282957566
0.630375,0.295958198596331,0.5314245048948842
0.6305,-0.093727467643392,0.3546611185724593
0.630625,0.17772376866251585,0.03066030451118235
0.63075,-0.05121259084884327,-0.31483481396785984
0.630875,-0.18878254971176447,-0.11882722756696017
0.631,-0.36166090456593875,0.1319428793716712
0.631125,0.3363029713788451,0.014035371082023447
0.63125,0.2958723246094286,0.005184025836081792
0.631375,-0.09293529105973344,-0.0467809286574987
0.6315,-0.5205364374717534,-0.38547582189426266
0.631625,-0.2321234921651353,-0.21611502820639808
0.63175,-0.008722502941082878,0.38379323127799875
0.631875,0.0385520674668838,0.4238638015504383
0.632,-0.19623501283188485,-0.2240935316014504
0.632125,-0.12600934572346004,-0.4108865898913754
0.63225,-0.4060754134692935,-0.1604402109703184
0.632375,-0.4951006980089391,0.36514068944780226
0.6325,0.14536072418058438,0.05907887544283704
0.632625,0.2687942450330634,-0.09702686052650068
0.63275,-0.26106580802587676,-0.03240585025925323
0.632875,-0.6638506532149917,-0.24011624467245574
0.633,-0.09211529964407268,-0.16723878345954163
0.633125,0.31385016389637843,0.2635970172679953
0.63325,0.21622038836030494,0.3356598544225558
0.633375,0.10757667852365249,-0.11556994211069664
0.6335,-0.02973209829567924,-0.40269116693457113
0.633625,-0.2591653251113989,-0.1785385841510652
0.63375,-0.11477163840746946,0.05984484465737479
0.633875,0.35849189310292157,-0.007554801455801162
0.634,0.7504918083666086,-0.06166966241921274
0.634125,0.21747107555041734,-0.037470062637726224
0.63425,-0.22104140454377974,-0.3815060517724221
0.634375,-0.11169830078943256,-0.35659529759718356
0.6345,0.28037319203352623,0.0889722680347506
0.634625,0.4106328561323887,0.3355790138788527
0.63475,0.318699776048381,-0.2310427202345229
0.634875,-0.08947669795361642,-0.6647728818914858
0.635,-0.3160526005190641,-0.16827344399766778
0.635125,-0.1827000412758789,0.29323237205857977
0.63525,0.3589390491656759,0.1123304728569308
0.635375,0.756863450632024,-0.004368511352603542
0.6355,0.25015006182112454,0.08647847352735732
0.635625,-0.5055847716957194,-0.24158487410358914
0.63575,-0.31394742116059965,-0.06778552445793636
0.635875,0.15713265858072023,0.2237004231177087
0.636,0.20435546051165962,0.8157721774789743
0.636125,-0.15797652227313272,0.20721456015801654
0.63625,-0.24156245916074903,-0.47366437778685916
0.636375,-0.11766919210253457,-0.14550950800166415
0.6365,-0.032844280635519064,0.29119815155107903
0.636625,0.0014616116292118053,0.42703735146626315
0.63675,0.5495599142281075,0.3887640556172764
0.636875,0.14711806591594256,0.039685525352351744
0.637,-0.64812703227059,-0.10626775555224562
0.637125,-0.43466110814824804,-0.20168202870527577
0.63725,0.106432443592345,0.09556407664756911
0.637375,0.4862526912335036,0.661734154286095
0.6375,0.11008546678420368,0.2930265432796419
0.637625,-0.050606142274461356,-0.5186700588955543
0.63775,0.0029472196075634623,-0.5141688572891908
0.637875,-0.20586252089453239,0.11223918349542164
0.638,-0.023659218673213557,0.1248628750250736
0.638125,0.21544141561875715,0.0289690963738014
0.63825,0.18328919977747757,-0.15523030672071106
0.638375,-0.5455890141637264,-0.19581646115606696
0.6385,-0.2851210489437131,-0.08962790667615107
0.638625,0.23526212888960188,0.22893219342930338
0.63875,0.5845080636235538,0.4874386460930037
0.638875,0.2380126000882817,0.19058622371676784
0.639,-0.15200973452063235,-0.4704714863831333
0.639125,-0.23499827977541357,-0.4615814760050189
0.63925,-0.32081865566020806,0.09744249398099623
0.639375,0.06854605377500038,0.32569532005517277
0.6395,0.5437444137284387,-0.07670644021696507
0.639625,0.37675493881424493,-0.0038532419342298197
0.63975,-0.4367789912583474,-0.05164305750913133
0.639875,-0.5469763761444512,-0.2750211423154206
0.64,0.13027154415008427,0.02005774707643262
0.640125,0.37908087367415144,0.18463453218818868
0.64025,0.04260860083696035,0.1802335906218037
0.640375,-0.29893390228676997,-0.5281042934003466
0.6405,-0.5385902409132007,-0.3510815663810678
0.640625,-0.3645751618476401,0.1325869489918036
0.64075,0.04162278756539612,0.4083429574876535
0.640875,0.22991108612519975,0.19625602761759572
0.641,0.16380370323372498,-0.2169914865295031
0.641125,-0.49956837626425754,-0.17735046535999072
0.64125,-0.7633213880283066,-0.2353017803231051
0.641375,-0.020289681670788887,-0.12794776480343584
0.6415,0.3870262416346372,0.39541527773343343
0.641625,0.12582357490884605,0.27711526444752216
0.64175,-0.36300157041562753,-0.3232952651494538
0.641875,-0.0057915803006727,-0.5304432726826726
0.642,0.14192675094699883,-0.15796026081021974
0.642125,0.23573056758227587,0.2515397128911759
0.64225,0.5099202992058638,-0.08596871895494199
0.642375,0.21205928263783574,-0.32204354231532756
0.6425,-0.13392875682300148,-0.39651444185372026
0.642625,-0.6492266254208074,-0.28648929836183507
0.64275,0.218006263431955,-0.07424236338687469
0.642875,1.0,0.18830097653018302
0.643,0.5112081768493915,0.2944565657648243
0.643125,-0.020325746490141884,-0.485450783957437
0.64325,-0.13284016527743012,-0.6605152743228111
0.643375,-0.12106370318290625,-0.13771093164830103
0.6435,0.1223573144610427,0.3404119961444242
0.643625,0.4829518302899039,0.055350558822820826
0.64375,0.4619494227885787,-0.275227209143614
0.643875,-0.1101196377202457,-0.07149798643200646
0.644,-0.6294485236647998,-0.00496541655460506
0.644125,0.013753623343049961,0.16568084332733457
0.64425,0.5020131767814525,0.5376020605437694
0.644375,0.23424120738207088,0.44714940022308025
0.6445,-0.14401493802947637,-0.20421222407436787
0.644625,-0.17500455804774867,-0.365999282673118
0.64475,-0.048315277721318994,0.1391096860651236
0.644875,0.19725675054818503,0.7714320718098556
0.645,0.3506521335999447,0.4721557111207797
0.645125,0.288438179342455,-0.09501150742054373
0.64525,-0.1713649339124939,-0.20844869848646136
0.645375,-0.47322196001712113,-0.011001574346387521
0.6455,0.07251305930402353,0.0441048950296881
0.645625,0.5182237575779042,0.4963817671378081
0.64575,0.2955175549975523,0.4955179002795709
0.645875,-0.2840993965979969,-0.03213453738004199
0.646,-0.35648692856689734,-0.5822869850141251
0.646125,-0.09283727990182189,-0.0913959579351901
0.64625,0.109931727662851,0.5962313866642681
0.646375,0.2122280114692181,0.42899319339158576
0.6465,0.059516239072602534,-0.2329264813763735
0.646625,-0.13946664568043599,-0.24186276783186916
0.64675,-0.728233035669049,-0.06774829667418532
0.646875,-0.1998040580294784,0.13109533121920056
0.647,0.456467527144242,0.21262567198753113
0.647125,0.39721134615588455,0.04151568001793206
0.64725,-0.34292394018919675,-0.11911731931511162
0.647375,-0.4081645777975736,-0.4259685395667142
0.6475,-0.20230060737007927,-0.03909488744875259
0.647625,0.12360197224827672,0.5283289113474436
0.64775,-0.04377262008961561,0.3483750955658432
0.647875,0.13326205724759235,-0.09274311163803536
0.648,-0.028241993373065846,-0.39831296971673696
0.648125,-0.38333291302246664,-0.0761793609018134
0.64825,-0.3429222461472374,-0.027962136858241424
0.648375,0.2597139563857253,0.23674097206107578
0.6485,0.3963618784154071,-0.010432154992370143
0.648625,-0.24998709985301706,-0.24493421661439027
0.64875,-0.47757102138210245,-0.39837986360300054
0.648875,-0.1498797545300507,-0.09707421471708486
0.649,-0.03742798483958847,0.4607825621948473
0.649125,-0.019132281121474356,0.28476745981227397
0.64925,0.041894081391683755,-0.1823123846893671
0.649375,-0.12471899597411922,-0.42204315221557903
0.6495,-0.6428640936140542,-0.03780081838141489
0.649625,-0.5070458285096614,0.0789356811865411
0.64975,0.1851734320524004,-0.05135582675565732
0.649875,0.34864376243403605,0.14721318391677243
0.65,0.022035787545046887,-0.20961095876573424
0.650125,-0.264447020326618,-0.362294243491788
0.65025,-0.19685730437972335,-0.42705609718678506
0.650375,0.23033117145361653,0.314496812351736
0.6505,0.2445579879007467,0.41417213748809883
0.650625,0.17749719788372018,-0.2154017366880663
0.65075,0.0989412447016517,-0.19789818155091973
0.650875,-0.20486643547997269,-0.1270336889048358
0.651,0.03591215168069705,0.02114198941509241
0.651125,0.5471136080581236,0.04927275412915433
0.65125,0.9227648808549316,0.09991270199701938
0.651375,0.20607445104768887,-0.0730490023872949
0.6515,-0.37410656728590563,-0.44304545047679667
0.651625,-0.01894743115721163,-0.4502302265386019
0.65175,0.22760113319533154,0.07743598487753095
0.651875,0.21242600957429453,0.3559910850544191
0.652,0.14549250761070745,-0.05590081809563376
0.652125,0.16602244728248403,-0.28195677959052895
0.65225,-0.3241229829597991,-0.06914727379787759
0.652375,-0.09927080792735349,0.10685707421717629
0.6525,0.5000611513073311,0.052674092837415726
0.652625,0.6281125995251031,-0.06344254056194065
0.65275,-0.030103012309080773,0.08465742018041293
0.652875,-0.3233992791128677,-0.2545514109477058
0.653,-0.04309574177879252,-0.034069873775521176
0.653125,0.5976460461243644,0.613170850193687
0.65325,0.5225329087864535,0.7610208601116362
0.653375,0.07022466266609782,0.21527902771948385
0.6535,-0.0902938197413839,-0.36125975263587135
0.653625,-0.4919988455199278,-0.18789752795137726
0.65375,-0.4190716566875674,0.27818928036754753
0.653875,0.186174324140933,0.18616192987861316
0.654,0.5195756656087894,0.2193689162623408
0.654125,0.04018487636745601,0.02224566415597648
0.65425,-0.6376581256008819,-0.27123015012914437
0.654375,-0.3118547228233026,-0.26965370191222016
0.6545,0.03005683592800066,0.32379322418842527
0.654625,0.16549148226770957,0.5882837749759098
0.65475,-0.06470477326436808,0.038842866455246344
0.654875,-0.2679622540830676,-0.5635179613186049
0.655,-0.04705135771309526,-0.0355738555115655
0.655125,-0.24706523244479842,0.37027212429841677
0.65525,0.2182346045596245,0.35963534490416477
0.655375,0.5148554305830936,0.007710329972652651
0.6555,0.11082000115564782,-0.2889455423528454
0.655625,-0.5512544981085021,-0.39129980965934397
0.65575,-0.3489680847452559,-0.39246545197676275
0.655875,0.31131812337954357,0.22136655855451476
0.656,0.43079471069327924,0.3582237992871058
0.656125,-0.06244323129735589,-0.012945215692762026
0.65625,-0.2330919226001082,-0.559646014701726
0.656375,-0.5185417305163581,-0.27404642763575243
0.6565,-0.3200846774088262,0.1209597317596713
0.656625,0.16337831483052406,0.17424248997018377
0.65675,0.3650551980192086,-0.10757670809320292
0.656875,0.17456410642288606,-0.20039772032958403
0.657,-0.5146502217746292,-0.005876608212081637
0.657125,-0.5467786934118464,-0.11557404692043462
0.65725,0.28787456601154654,0.22601304647641807
0.657375,0.40768381634679596,0.46413757495990615
0.6575,-0.09519253589469294,0.11326527173443797
0.657625,-0.165787500755888,-0.5340879845879862
0.65775,-0.27510626942082184,-0.3743331065920815
0.657875,-0.2950957710179308,0.27742940463660853
0.658,-0.16586769292681303,0.24084961415602713
0.658125,0.23794233950785626,0.08991979572757675
0.65825,0.12055259947268197,-0.11678714255413623
0.658375,-0.28356350536889097,-0.3575938580880475
0.6585,-0.22077512935198018,-0.39092116836281793
0.658625,0.10846958403853811,-0.07965053744276275
0.65875,0.5089518687783265,0.2547196388043738
0.658875,0.2926197829064322,-0.0024036173179710217
0.659,0.0946988784580854,-0.4604278608889755
0.659125,0.16270803489974184,-0.555090418575416
0.65925,-0.009838971131207101,0.06405660284508849
0.659375,-0.11976287256715479,0.22830951142810157
0.6595,0.4798114145644888,-0.08196612105528286
0.659625,0.26540471301399743,-0.22498457290676072
0.65975,-0.2471535269790243,-0.2813589879607718
0.659875,-0.34808158086687496,-0.5369557597355233
0.66,0.13084658016585554,-0.18185776274363688
0.660125,0.5112525176369446,0.1356881721393409
0.66025,0.1885119465148412,0.11157313834474403
0.660375,-0.20408212690845862,-0.29477726224237116
0.6605,-0.08790041684675881,-0.26690665753839665
0.660625,-0.2417064518204174,0.0014168978364549598
0.66075,0.13737664959660356,0.5295995790394804
0.660875,0.3541649251646314,0.3563492289395206
0.661,0.4359822286529409,-0.052583913346586
0.661125,-0.2627178004960483,-0.09375718955836589
0.66125,-0.5489567685335598,-0.05261000709797832
0.661375,0.18359999905858462,0.10331168057176493
0.6615,0.5266399410715245,0.3525941904711371
0.661625,0.4919852299515787,0.2654332808445191
0.66175,-0.12245844656934013,-0.09967274376978047
0.661875,-0.002918356784562416,-0.20726392775352673
0.662,0.013039028879324113,0.13940629796445517
0.662125,-0.07572729594245167,0.4709895549187549
0.66225,0.2601833177348416,0.07066030947315516
0.662375,0.41043941593820477,-0.18718373914485975
0.6625,-0.2831930216637337,-0.19834542922693665
0.662625,-0.6473922536145026,-0.11006020250431969
0.66275,-0.1745796563139658,-0.024826640426235617
0.662875,0.466899511051899,0.296083202532476
0.663,0.12606519588131945,0.36170016089045787
0.663125,-0.4559827602302734,-0.29620240656868607
0.66325,0.0036852114913988494,-0.4009382197404587
0.663375,0.03953923943603932,0.062094757418992605
0.6635,0.00022414425878021494,0.5585420140040388
0.663625,0.18097702830573986,0.2724160994323918
0.66375,0.28971372981601634,-0.10483906188226604
0.663875,-0.028834979326057605,-0.0842102519175189
0.664,-0.2881466933682609,-0.2458286942377836
0.664125,-0.015484467871528754,-0.07793802702751272
0.66425,0.25141498468814844,0.24143630812915964
0.664375,0.2161786435835524,0.4115315262192684
0.6645,-0.34727021049087275,-0.16669940074146472
0.664625,-0.15041066605972686,-0.5850652238650784
0.66475,-0.10666924204919245,0.02175570406295572
0.664875,0.08025040358787301,0.386886887426387
0.665,0.06194553124081777,0.12886917724561814
0.665125,0.05901847288364641,-0.29699847824964914
0.66525,-0.38047608965187174,-0.13260620504088397
0.665375,-0.6675208153825768,0.08812264531617618
0.6655,-0.3898212813852265,0.03670763557391055
0.665625,0.39269799580616244,0.09906015137816976
0.66575,0.03212405109574294,0.1620009724978657
0.665875,-0.3643448587152145,-0.0800462969721081
0.666,-0.4035508092431712,-0.3522376175434522
0.666125,-0.06705878191543117,0.06336634522589268
0.66625,0.0020010090990757283,0.3215168094404812
0.666375,0.03587232142277148,0.1732770835626785
0.6665,0.18405617635480703,-0.20358770326121003
0.666625,0.04590203068554141,-0.21586061050647426
0.66675,-0.43699271887621005,-0.0904287929247314
0.666875,-0.18788078068194328,0.13874885507239315
0.667,0.6037256733441861,0.021973417691519226
0.667125,0.5181242424157513,0.0584272812523071
0.66725,0.08913499822715303,-0.2636653815277253
0.667375,-0.0855828015865304,-0.6100099090319557
0.6675,0.1157005273907509,-0.4458407070147477
0.667625,0.3928309335310727,0.29975966290003564
0.66775,0.39073027850035863,-5.573006261662155e-05
0.667875,0.2315727388262816,-0.3548041279034273
0.668,0.2734647464384089,-0.3350752055275368
0.668125,-0.29354827462762656,0.07116328491807623
0.66825,-0.19094060866411072,0.03135429894986612
0.668375,0.525471315936108,-0.04320680355233372
0.6685,0.4460643690410592,0.21710842079803827
0.668625,-0.2107257309674705,0.03104095423832374
0.66875,-0.34377421697008365,-0.33165771179426
0.668875,-0.019482962904489667,-0.06366437271334657
0.669,0.23827126705355295,0.6538716726688437
0.669125,0.36056313991581285,0.49251887345233664
0.66925,0.17615282729614273,-0.023162211570718353
0.669375,0.1427125839382394,-0.040330190056404036
0.6695,-0.1851922444336,0.19286522619922722
0.669625,-0.13159116345373703,0.25711605160691037
0.66975,0.4035429563212509,0.3673079911252055
0.669875,0.46965890540496796,0.3199331917100409
0.67,-0.018434357231276066,0.21840625847912537
0.670125,-0.17826856573068323,-0.07224934989662514
0.67025,0.09466387991625569,-0.06167971614345319
0.670375,0.05809934691313304,0.3700005135426664
0.6705,0.028928295049083324,0.25069803839041765
0.670625,-0.019804290521840302,-0.23175147215358685
0.67075,0.29101023996467706,-0.34330195744818714
0.670875,-0.3115351480048801,-0.0689671475597241
0.671,-0.43554685199300086,0.2639732587378139
0.671125,0.19551682663802722,0.4055164103580361
0.67125,0.3650185416716206,0.2388315840699787
0.671375,-0.1236602098675026,-0.07914355463484349
0.6715,-0.512618522346199,-0.21216514224347155
0.671625,-0.20111176683497012,-0.22169320662526
0.67175,0.20576912808566244,0.40658729747616074
0.671875,0.27468598072858275,0.5709184847046354
0.672,0.1448129624150065,-0.04438566220277135
0.672125,-0.04308532967718048,-0.3599548542680418
0.67225,-0.28756061206330935,-0.10155819084136052
0.672375,-0.25629060953737987,0.0329062416557145
0.6725,0.44453293824390694,-0.07576760952856637
0.672625,0.4400167202005941,0.10512817026871134
0.67275,0.048402077388783764,0.02394616687941331
0.672875,-0.29515292181329067,-0.19475046180913386
0.673,-0.10573922852315897,-0.37848363020586817
0.673125,0.07624499863332211,-0.008765882908390013
0.67325,0.12664508031747462,0.3880621477002417
0.673375,-0.08125695535499262,-0.0917192612298155
0.6735,-0.27578995799053024,-0.37281435407506874
0.673625,-0.4060129609537717,0.028624725596920322
0.67375,-0.4695790717590919,0.22194874860505734
0.673875,0.016450300719523924,0.23967763223516705
0.674,0.2365309782737678,0.15155201721725353
0.674125,-0.35254736088924477,-0.1109595741338678
0.67425,-0.5232847482401592,-0.3955923657156918
0.674375,-0.43010976049344857,-0.17611732513289693
0.6745,-0.028803725020526454,0.387428332263467
0.674625,0.1135895578089975,0.37121534513865834
0.67475,0.05915146758370089,-0.13089778496736484
0.674875,0.042141541040842834,-0.46404798006958453
0.675,-0.03195334205649986,-0.13336490099398043
0.675125,-0.3249411639008744,0.17083871578394783
0.67525,0.03367271242768321,0.09218410813005483
0.675375,0.16433847674078078,-0.1269275773724051
0.6755,0.29781592093902787,-0.29011550044939943
0.675625,-0.3427541852894117,-0.4196911348043761
0.67575,0.004497564223227111,-0.45225270015399555
0.675875,0.4871469518204527,0.010179583390020352
0.676,0.3253009287161406,0.17341023524270446
0.676125,0.03479449614700052,-0.2500372941014458
0.67625,-0.11095080847695266,-0.5097014150657891
0.676375,0.08090230653600906,-0.3159207626191953
0.6765,-0.1334624821651707,0.11598401816709467
0.676625,0.19528254695801933,0.26132031724129035
0.67675,0.5057307337332334,0.012978295441557442
0.676875,0.29498357032405037,0.1507625535057489
0.677,-0.3209964080948314,-0.13173407831777445
0.677125,-0.24553165861894444,-0.33293153780453605
0.67725,0.25494069281685683,-0.12602657352039337
0.677375,0.46609927406445345,0.3142517511484697
0.6775,0.10062499285201028,0.07217415180499676
0.677625,0.14288663602322782,-0.3403169618244794
0.67775,0.06303873925665758,-0.05906585453750455
0.677875,-0.293677098424135,0.45781612209600336
0.678,-0.10628239293729586,0.44327444211933537
0.678125,0.31841404531599116,0.08067650064227887
0.67825,0.22994219316168135,0.11756043939672822
0.678375,-0.36513577728123225,0.053074996994235304
0.6785,-0.29464182423294516,-0.13868132088232957
0.678625,0.28783114513694946,0.21126928292035246
0.67875,0.4328181588909695,0.5374540252054539
0.678875,0.004218179938582101,0.3715581510649901
0.679,-0.3948989946153823,-0.35479311550024645
0.679125,-0.23301036418226168,-0.17355903284939833
0.67925,-0.009983394588776158,0.2937582270090608
0.679375,0.11962069012823999,0.29134431358074764
0.6795,0.5641582921074236,-0.08176849049833408
0.679625,0.33452371484286686,0.03622847117648242
0.67975,-0.3441183684413055,-0.12535226467834865
0.679875,-0.2629647949948348,0.07035561739894147
0.68,0.07547157550407464,-0.03802496307838586
0.680125,0.2983544216630669,0.1268773878039514
0.68025,-0.09148182265978776,0.40985447228115157
0.680375,-0.2452933884900557,-0.18999460643770766
0.6805,-0.32116786194994124,-0.3162214593037154
0.680625,-0.34437362963409285,0.3089852538701162
0.68075,0.05146188195234418,0.4918618917520214
0.680875,0.33527734559716044,0.02627799804262923
0.681,0.22609276304523201,-0.23131332884141828
0.681125,-0.0033941648355136603,-0.26285560059165014
0.68125,-0.3934845011780448,-0.24896328211090896
0.681375,-0.10175855162741068,0.0983753342474703
0.6815,0.4571281211802727,0.5082139823163817
0.681625,-0.05510435747429462,0.3715375119171705
0.68175,-0.4516235810585037,-0.5706607322267349
0.681875,-0.3813535080673895,-0.5722591225550759
0.682,-0.20700845649760113,0.17536642035247987
0.682125,-0.14777345598308056,0.16689189488726064
0.68225,0.013956169983117385,-0.05117559209305419
0.682375,0.09856697722690932,-0.202755403578957
0.6825,-0.4729719971229931,-0.3938664792929441
0.682625,-0.6245154267281005,-0.2790120213950425
0.68275,-0.3278702585511395,-0.09159451667871954
0.682875,0.5007185857409479,0.3363894498214821
0.683,0.11368815939034897,0.25207409298291017
0.683125,-0.3636933732854082,-0.2062839143433274
0.68325,-0.3405458300782227,-0.5247736331871311
0.683375,0.10217080392342362,-0.03881935640394647
0.6835,0.2666786436493301,0.41910324024211576
0.683625,0.2931795321339598,0.02708881690629492
0.68375,0.44510232123164273,-0.5655667399277927
0.683875,0.028983441270738472,-0.41280995731596754
0.684,-0.21978409075048558,-0.219843624953379
0.684125,0.13693542232917758,-0.11923773657962548
0.68425,0.667685490160095,0.19488930241258504
0.684375,0.44469920281266745,-0.056124482843578044
0.6845,-0.014539500355448275,-0.4611993160595825
0.684625,-0.0517972215055354,-0.673657794975866
0.68475,0.04667429399092707,-0.18369906464195887
0.684875,0.08933992408270051,0.217481984576861
0.685,0.2942592700886811,0.13909945941050264
0.685125,0.5105527324498709,-0.1438170898014888
0.68525,-0.08177013529766891,-0.12517368063944276
0.685375,-0.41573180406023164,-0.1344825032932784
0.6855,-0.033523747241083424,0.13128765293116795
0.685625,0.6651387112769892,0.29111720615078407
0.68575,0.46504450769780387,0.3047542021666018
0.685875,-0.05748211290794665,0.007744906695031869
0.686,-0.2641375938252706,-0.12102320318047585
0.686125,-0.012473930330006424,0.09732242000497539
0.68625,0.1626470109421346,0.5593178049869073
0.686375,0.09181346919371704,0.4406404960211454
0.6865,0.07104081380383696,-0.0026904534178997744
0.686625,-0.1284151125075128,-0.20426778641948812
0.68675,-0.2836923607685384,0.021625093066889464
0.686875,0.037347534598901735,0.08360844099885813
0.687,0.4134413496769067,0.33413044423363614
0.687125,0.5035190314429273,0.3502621684745928
0.68725,-0.14444865576277044,0.025931512141709474
0.687375,-0.509549750434927,-0.37991538031147437
0.6875,-0.19158800840135817,-0.007963180096046614
0.687625,-0.06613760946731125,0.532179564764416
0.68775,0.16358589504747365,0.39191425109801414
0.687875,0.10956520373656548,-0.20341905739878044
0.688,0.10753715833697322,-0.13128136404138052
0.688125,-0.34223565915413057,0.19635518455367265
0.68825,-0.1963218065500108,0.08742508139642015
0.688375,0.2088184455737262,0.09378443147203143
0.6885,0.45187557618234236,0.23006627864952356
0.688625,-0.08681575448195036,-0.05016749840869667
0.68875,-0.07408804148650865,-0.3130641421037062
0.688875,0.018584729032215093,0.056705674199046895
0.689,0.04861818884038433,0.36721200266282755
0.689125,-0.14956395386846175,0.2597196137005143
0.68925,0.14052855275208523,-0.35497962171355746
0.689375,-0.0583230490827777,-0.41531308521341265
0.6895,-0.19091231496043112,-0.07186354831612385
0.689625,-0.2944490956961186,-0.16761863419832196
0.68975,0.1718577815318352,-0.03913455785135903
0.689875,0.19967441118146056,0.07655451937483994
0.69,-0.15689170646966497,-0.08500892097213476
0.690125,-0.6386028247158209,-0.2976863761555062
0.69025,-0.24414203692490866,-0.3441231717445668
0.690375,0.05246243032985082,0.09823109963821802
0.6905,0.01303463525248668,0.3949215623695398
0.690625,-0.133996175560348,0.09985487519739233
0.69075,-0.4896421164959771,-0.1231930566054385
0.690875,-0.597094259142197,0.1692713866272847
0.691,-0.4631058219863115,-0.028702051087086504
0.691125,0.22273670870398637,-0.2486037715752408
0.69125,0.33528080300923785,-0.07607266992366381
0.691375,-0.011331005987663718,-0.03766261617802746
0.6915,-0.4272442399234614,-0.22039641276629374
0.691625,-0.046484840927511296,-0.2958036814744988
0.69175,0.33538382742543166,0.14946701221025335
0.691875,0.24756066949509875,0.18611705429238296
0.692,0.3181521494631936,-0.23672958960496496
0.692125,0.22080363201903644,-0.5579473625577734
0.69225,-0.03139241272744109,-0.21541717322143963
0.692375,-0.07548865357012444,0.19460588226390332
0.6925,0.42072057887331066,0.08067793389994725
0.692625,0.5048421272949467,-0.15071817231780424
0.69275,-0.0897845609835889,-0.23484119705264522
0.692875,-0.6706211961303898,-0.475508069105341
0.693,-0.26987690592231045,-0.3625150729907588
0.693125,0.36695229473376806,0.2904078278390144
0.69325,0.39926404222556633,0.2789292480205885
0.693375,0.28728109045528416,-0.06117348198584432
0.6935,0.21450360659362044,-0.3271830634079465
0.693625,0.04966628257335532,-0.20812375764286858
0.69375,-0.20579816526642578,0.23519770641424706
0.693875,0.21516446995919494,0.3334952296135599
0.694,0.4506494131038777,0.20971914670295094
0.694125,0.06075627539912107,0.14072569623424616
0.69425,-0.3481106561041339,0.09396442692528527
0.694375,-0.25814188978694974,0.08762784904542269
0.6945,0.25647367486345946,0.3432885785260699
0.694625,0.3353950151423058,0.548707553134575
0.69475,0.2737570900386767,-0.19280251593129988
0.694875,0.04743759503715946,-0.7364826979713125
0.695,-0.3090990098888487,-0.21158569482195097
0.695125,-0.1478245851429833,0.3760906381588884
0.69525,0.25076417921201427,0.2113444128313455
0.695375,0.6294690225468381,0.057607894191309336
0.6955,0.31448685646041247,0.29709013265881956
0.695625,-0.17603080824486522,-1.0156901686388418e-05
0.69575,-0.33497371736013104,-0.32358713435778735
0.695875,-0.010864167899178817,0.26336903506536496
0.696,0.11700222695872244,0.679169024009253
0.696125,-0.17020399335091546,-0.02419476179448601
0.69625,-0.11727174488972818,-0.3637601662170597
0.696375,-0.1494176885148804,-0.34302337249196063
0.6965,-0.13071807081180437,0.07276018802476299
0.696625,0.09004812218569194,0.3884092233922797
0.69675,0.3900978228309626,0.16135434056734405
0.696875,0.20544938909277155,0.18117581596106966
0.697,-0.517098922393191,-0.21539539448309802
0.697125,-0.3315939003445515,-0.24650636196845369
0.69725,0.1655040075322528,0.16048703422081623
0.697375,0.1999082475623807,0.451197325369508
0.6975,-0.09920069045877135,0.29993210423864847
0.697625,-0.03625683354058272,-0.2697213164649628
0.69775,-0.24853558144041832,-0.13387824655126798
0.697875,-0.20432314887515748,0.0026673937775689802
0.698,-0.1571191294407305,0.09648059296190477
0.698125,0.20133082292282484,-0.15538932245618137
0.69825,0.13073744585993483,-0.18369720641681309
0.698375,-0.3710040376484792,-0.05451960637550004
0.6985,-0.45195458228740837,-0.1643498633420294
0.698625,0.1352300931095381,0.06371991548234715
0.69875,0.2766662089178646,0.3208933565193542
0.698875,-0.12710732797112678,0.010496139795906185
0.699,-0.24849496241158744,-0.46350000566157284
0.699125,-0.1284314312219762,-0.3990945218954897
0.69925,-0.4350809391140848,0.22382782373336121
0.699375,-0.17138366013219233,0.24765483300152866
0.6995,0.10412773279235352,-0.09331580346515239
0.699625,0.14252813014261645,-0.055998863653372026
0.69975,-0.37747026258178845,-0.3480879638712661
0.699875,-0.23974393842340727,-0.2862028771570242
0.7,0.09928477936054177,-0.04732087500594353
0.700125,0.3166723224936518,0.24159571568989144
0.70025,0.1997016113721061,0.051580977025606295
0.700375,-0.08965171536569745,-0.4975507034075056
0.7005,0.027233148799330868,-0.43216518384120856
0.700625,0.05557972020432446,0.11394245087866338
0.70075,0.19564320137452926,0.21222080092834406
0.700875,0.4713688365397102,-0.16440234807730858
0.701,0.6245790958905568,-0.22527499906261622
0.701125,0.0660616915406793,-0.16806608724574623
0.70125,-0.171843427505315,-0.3667437858021868
0.701375,0.02412328376287215,-0.3091734655478244
0.7015,0.24058503575125445,0.1435267871208556
0.701625,0.004948762233811664,0.1201919392710212
0.70175,0.04546320706910904,-0.25192715293587004
0.701875,0.08044546696719183,-0.2631062995507043
0.702,-0.2574120373187117,0.19361463827534534
0.702125,-0.07226801197981793,0.21892590342207288
0.70225,0.4313735435303876,0.026178498295658888
0.702375,0.23495852608629939,-0.0695878606624218
0.7025,-0.3272901818046598,0.042686975462368985
0.702625,-0.2691805349782146,0.03312233990683212
0.70275,0.12660744571474225,0.1895625293035587
0.702875,0.6594318011607556,0.3446709576827573
0.703,0.2280196270543004,0.41760271477111754
0.703125,-0.22840702592530815,0.04633665118509105
0.70325,0.05902049855853158,-0.31303249308834274
0.703375,-0.12144684402261731,0.041413235221865914
0.7035,-0.08519491306364374,0.2901029321569665
0.703625,0.2112406384473476,0.03800504681622673
0.70375,0.2005661295994143,-0.059987729867257096
0.703875,0.023136195380629665,-0.11680887245824098
0.704,-0.4122571303402137,-0.05920078459311829
0.704125,-0.04574169678325424,-0.09646560059340542
0.70425,0.5480382330581657,0.20175367614232778
0.704375,0.37608071471797494,0.24737921720115905
0.7045,-0.21078174952288456,-0.1338578870225839
0.704625,-0.3220649571337199,-0.33891085198525356
0.70475,-0.09441296755216105,0.2621019788037712
0.704875,-0.1946363445569844,0.5319087967785775
0.705,0.08553053340489711,0.13362838116960235
0.705125,0.050677101690856874,-0.08616647893617047
0.70525,-0.24998849225410602,-0.0728002762300017
0.705375,-0.2995043775957774,-0.03905698642438305
0.7055,-0.273279300227621,-0.14403629853741776
0.705625,0.27030681271664125,0.16146739933237902
0.70575,0.40148809262428725,0.2719129991565382
0.705875,-0.06187866033555523,0.019536484597847525
0.706,-0.2620729866147515,-0.36001942820677874
0.706125,0.033950269327446166,0.015051746255701213
0.70625,-0.0672946202014157,0.6170266361674331
0.706375,-0.19847704431404936,0.22330426692722527
0.7065,0.0974066104778414,-0.17016224420316226
0.706625,-0.13588802857451482,-0.18616468512190787
0.70675,-0.3874153630520484,-0.1203000643080556
0.706875,-0.08642958614526942,0.15077107632117756
0.707,0.1434890758315941,-0.06959878719294994
0.707125,0.09159535509219921,-0.020933153019982238
0.70725,-0.6040879767378786,-0.11247873808593689
0.707375,-0.5737878821355944,-0.1969790881125263
0.7075,-0.43360858325613405,-0.22345557310428316
0.707625,-0.07262350435431143,0.20690363984493232
0.70775,0.2044283393301028,0.22276503208554088
0.707875,0.2559620228554411,-0.15452682864566264
0.708,-0.0757005045111121,0.027726963937731892
0.708125,-0.48262951189436204,0.0775856645569861
0.70825,-0.2095738927235472,-0.07508293058684896
0.708375,0.48155541716465733,-0.15773702376166698
0.7085,0.42070201537465,0.08982101824212453
0.708625,0.0634775766928326,-0.05975921078224383
0.70875,-0.052225868039042334,-0.3301424394748743
0.708875,0.22784322763822745,-0.33251831825027944
0.709,0.17766775697967213,0.17647310383980383
0.709125,-0.030214356458509343,-0.03340679794838048
0.70925,0.07152411084110699,-0.49843515810205163
0.709375,0.1562146489649358,-0.6432925261288166
0.7095,-0.3079031294700074,-0.3181957650635489
0.709625,-0.1312508716232163,-0.12766050189212508
0.70975,0.4756506825129998,0.024331374719262746
0.709875,0.6383201618253177,0.07859411294999341
0.71,0.19849205959378044,-0.08265767051149808
0.710125,-0.10124836087058112,-0.4753305642202456
0.71025,-0.06427364455269914,-0.16571002122858702
0.710375,0.06836786429502885,0.2537978588703178
0.7105,0.3500178120525553,0.4012157781483821
0.710625,0.22482826534838207,-0.0014233758294784934
0.71075,0.0038217249566771974,-0.0011907409395712327
0.710875,-0.16485841406136603,0.058681008190334304
0.711,-0.27985842307244363,0.19780998221192053
0.711125,0.06482270492057783,0.03988550393376527
0.71125,0.5214962945319205,0.217398012075201
0.711375,0.2496018569430849,0.07421254590143839
0.7115,-0.17651402299306898,-0.15646916353920637
0.711625,-0.2754282005891942,-0.08011644944877516
0.71175,0.0030107068354725992,0.4310766282029059
0.711875,-0.044672629186237434,0.6307049527507219
0.712,-0.020510242428397874,0.06555459038880845
0.712125,0.12073277358349002,0.008297119502239431
0.71225,-0.07786003986896554,-0.04006968013458708
0.712375,-0.1808295533271784,0.1617004269691611
0.7125,0.17688698798363783,0.2099552847370745
0.712625,0.24610413355880267,0.16520122948609833
0.71275,0.177219529186898,0.08984145048587942
0.712875,-0.3878811861918082,-0.20758282803605252
0.713,-0.29823047530289704,-0.17209683661107866
0.713125,-0.15876181589325275,0.15429305522047104
0.71325,0.014290586102195774,0.3933142605886095
0.713375,-0.0001996111217806761,0.2769200783767766
0.7135,-0.05606423869710872,-0.39445688123005446
0.713625,-0.2542375739288463,-0.17636231263477775
0.71375,-0.20882030079260636,-0.0004832303552403124
0.713875,0.12231549280901394,0.05541119864377246
0.714,0.6119622868188594,0.12128533329735952
0.714125,0.18842089224481962,0.13484591939712956
0.71425,-0.40165239713048967,-0.21885029232569012
0.714375,-0.27974321205321834,-0.1055025789057858
0.7145,0.18402370458773518,0.17205280938290746
0.714625,0.08868914256867104,0.3693908140179789
0.71475,-0.11702123437613532,0.013880811688265604
0.714875,-0.2532557563926439,-0.3098152712223736
0.715,-0.293836076985467,-0.15496509802405356
0.715125,-0.4486842914963077,0.009262754310930738
0.71525,-0.12553368644400129,-0.057324408987383106
0.715375,0.36383434471369,0.00656615674850847
0.7155,0.06139274825337029,-0.11431975239343112
0.715625,-0.4943883230102224,-0.14155993886802665
0.71575,-0.4904074667613442,-0.11653899018017694
0.715875,0.00167845164001672,0.22511378740380505
0.716,0.23839044612068053,0.4769095719291011
0.716125,0.029780557208179643,-0.06442266558051792
0.71625,0.014703092081682799,-0.44444536757621783
0.716375,-0.050571473244857036,-0.280200540384861
0.7165,-0.04605121258813603,0.07192550460376965
0.716625,0.12638067506849973,0.12365654288058721
0.71675,0.30694022261589576,-0.08691020229617305
0.716875,0.1827388232116132,-0.24369242355284473
0.717,-0.21983777086084827,-0.3416108986473368
0.717125,-0.1217016408141984,-0.31660468008082765
0.71725,0.3452445239733542,0.0414660076015164
0.717375,0.4057981728151776,0.25345227503006995
0.7175,0.27463587895797276,-0.014776777015022521
0.717625,0.17699888876648212,-0.5873652759052476
0.71775,-0.1162938913291121,-0.5913423135550497
0.717875,-0.043323522544579024,-0.01694026378167884
0.718,0.36070098612881746,0.053608238567306336
0.718125,0.5844778751958603,-0.24161459946613362
0.71825,0.3541843531963708,-0.07889611782862731
0.718375,-0.33639112823286565,-0.011222510572287542
0.7185,-0.44463809262785337,-0.12696067367082242
0.718625,0.08590681536842157,0.030233480371053053
0.71875,0.3929892937082895,0.2841827743202328
0.718875,0.2378913422537939,0.20452840044037127
0.719,-0.04006058342200923,-0.11211511514859113
0.719125,0.00459567395507881,-0.18289011939666475
0.71925,-0.07089309946115883,0.3001121418757288
0.719375,0.10367375648836356,0.27075079183331985
0.7195,0.5064089705455201,0.1457085366601379
0.719625,0.3796057269013029,0.011831052468486567
0.71975,-0.28898519458872685,-0.04158162812993703
0.719875,-0.15015800409849916,-0.12830605526508115
0.72,0.24674432711027922,0.2281901441159792
0.720125,0.26010070678162567,0.47508321469749404
0.72025,0.07867221775729252,0.309737817426421
0.720375,-0.2772300849944004,-0.3566525429447163
0.7205,-0.1499483211334541,-0.24760128384688648
0.720625,-0.10945325661396692,0.05314828975238104
0.72075,0.09309736666959165,0.3660596623122976
0.720875,0.02033466374464955,0.12642867142135675
0.721,0.12815777538929074,0.05464111772153052
0.721125,-0.32742983043272494,-0.03519771795598118
0.72125,-0.29067869174269717,-0.14510896843624732
0.721375,0.014204568989941527,0.24200343860163395
0.7215,0.24284294717166782,0.2304222179719312
0.721625,0.08945116291748759,0.32073745517041263
0.72175,-0.2289665907610324,-0.057306726813156246
0.721875,-0.34533941769121157,-0.03416789024456719
0.722,-0.07832576559607969,0.0719582408467456
0.722125,-0.026559040920610875,0.30057777219773824
0.72225,0.0749124498546078,-0.06828632712465915
0.722375,0.18118058047906455,-0.20399874553695735
0.7225,-0.31162251473773095,-0.16441427926338995
0.722625,-0.3824686331743538,-0.23287687386085562
0.72275,0.1945102216805596,-0.0048853798138635395
0.722875,0.6465971285489027,0.2797591716241389
0.723,0.34325475846577896,0.10188228830163662
0.723125,-0.15096087159215368,-0.22925371822140866
0.72325,-0.24509190418888693,-0.29794725849481996
0.723375,-0.03993748647386783,0.13184903045879684
0.7235,-0.04575723722421725,0.3124350706417851
0.723625,-0.02049505504942115,-0.05235807611867382
0.72375,0.006264418086026411,-0.10275412014075862
0.723875,-0.2504799943840877,-0.3054400059651747
0.724,-0.5709588141106151,-0.016260108905777303
0.724125,-0.2719013157803498,0.0673480423407182
0.72425,0.2871593612726451,0.10997120885014698
0.724375,0.3323979636878018,0.0462992669107012
0.7245,-0.03715808575061023,-0.2218783681572971
0.724625,-0.28034577300720953,-0.3217391276553493
0.72475,-0.4963272453040087,0.21696064157213735
0.724875,-0.2660814492322877,0.36447458071848937
0.725,0.257719824653997,0.32435811963497313
0.725125,0.1646065841878743,-0.07191426501272928
0.72525,-0.08411452758538097,-0.21677089346525097
0.725375,-0.12082396311065594,-0.1408835106161445
0.7255,0.03748117540950148,0.00406899662681713
0.725625,0.3260245975826491,-0.0157862297783543
0.72575,0.2630717088456928,0.11314034971574763
0.725875,0.006878764360647478,-0.2668115612437576
0.726,0.04560119662831766,-0.5834243093945267
0.726125,0.168678688488034,-0.22176640203890033
0.72625,0.1770379556641073,0.2735488112668371
0.726375,0.19692081681515736,0.28210044638847254
0.7265,0.4103808090514508,0.049157794290232426
0.726625,0.04041374989194334,-0.2679189516005186
0.72675,-0.1618009764083056,-0.22076442286999134
0.726875,0.029332870057184702,-0.06999977062094741
0.727,0.49147752660127175,-0.016826136431607193
0.727125,0.3497865306048131,0.1113202895771199
0.72725,0.1130074397734624,0.013273475561158581
0.727375,0.07572102184254177,-0.08127313902909632
0.7275,-0.0030759212750606723,-0.09533946049825173
0.727625,0.15371923223275272,0.22079656820490387
0.72775,0.052421037233825324,0.08337047099112121
0.727875,0.18702921887527113,0.11016458962409764
0.728,-0.0932290649411393,0.07275491194365574
0.728125,-0.20682114744274233,0.25465420493106855
0.72825,-0.06098254622574406,0.11206979787775284
0.728375,0.23874553949327612,0.2088546477716799
0.7285,0.19841928703853065,0.39726433510839515
0.728625,-0.14321625288346945,0.040522992597054414
0.72875,-0.3448365739567874,-0.20591800552655376
0.728875,-0.19843909002628965,-0.09552196689357992
0.729,0.16838639599730884,0.35546557338031376
0.729125,0.17711787400113632,0.11365384226380279
0.72925,0.12239864440034917,0.029743967283456973
0.729375,-0.13218900764169864,0.03921734332324137
0.7295,-0.4899470407059747,0.16961819069124628
0.729625,-0.4058145293979731,0.16463792287486856
0.72975,0.23778779424109045,0.10168228602361082
0.729875,0.2659134854769827,0.06463979950913523
0.73,0.03399977784586097,-0.1049138016778862
0.730125,-0.17872180929382708,-0.23429667475723454
0.73025,-0.26734486518927825,-0.1342388753446565
0.730375,-0.06394637716516308,0.27114136631369223
0.7305,0.05417176106072184,0.24916357109798648
0.730625,0.04260599491007118,-0.2546799566008689
0.73075,0.10181450098469151,-0.3019265831050046
0.730875,-0.11336325941488515,-0.17833617814091934
0.731,-0.27165798854235124,0.14751803724495252
0.731125,0.2679321801359561,0.09114835514090014
0.73125,0.2662830824028552,0.06362891413293104
0.731375,0.060352868406895584,-0.02883789427536415
0.7315,-0.13825328357425454,-0.3758685959262461
0.731625,-0.13053214647152625,-0.22714056864323756
0.73175,0.23938742525538706,0.12584559479263424
0.731875,0.2120298113222961,0.3778829881719201
0.732,0.008423889617230994,0.005094939993339491
0.732125,-0.21961526481552843,-0.1867998605526175
0.73225,-0.3185690402813491,-0.0501545312786111
0.732375,-0.49697969544771725,-0.033944227919275385
0.7325,-0.2522073945135682,0.015225619387842521
0.732625,0.24058526208580847,-0.13273537365377447
0.73275,-0.07777645068635906,0.015580775479503048
0.732875,-0.39031327754161393,0.0331160783738752
0.733,-0.10483803438054257,-0.10383629414733458
0.733125,0.13151430849712772,0.2852262391044905
0.73325,0.03707295293696385,0.3359394388537837
0.733375,-0.09159273647240308,-0.09725465588660966
0.7335,-0.0766396605852254,-0.22463803152473322
0.733625,-0.06074609766959694,0.014754854192183114
0.73375,-0.058828377034424284,0.03685296803095684
0.733875,0.30750877670155874,0.07456906560154437
0.734,0.4370952022684711,-0.09950450993054656
0.734125,0.027094028371255588,-0.3401122908835701
0.73425,-0.17983205921413623,-0.38263568713628804
0.734375,0.09730317819621906,-0.4425585951959965
0.7345,0.4334512803833688,-0.2097370507871248
0.734625,0.2546003246298414,0.1367649172017745
0.73475,0.22475963414957925,-0.024554075430953854
0.734875,-0.002980317207722107,-0.2706567038621195
0.735,-0.08819101454512868,-0.17512306630652413
0.735125,-0.09493368040285645,0.2799964505596162
0.73525,0.20349680284800328,0.06286486003836891
0.735375,0.4070791542301271,-0.1715397753571619
0.7355,0.3361548862738494,0.01359266548140773
0.735625,-0.17802218105051773,-0.018467299237973286
0.73575,-0.24250720993695885,-0.0761302491323723
0.735875,0.17530406658756206,0.20635454552846808
0.736,0.21423911277500837,0.36075009445283085
0.736125,0.1451085244454451,0.06662423045672361
0.73625,0.07900156819202028,-0.2494678123429732
0.736375,-0.051522921281976906,-0.10361622557943063
0.7365,0.032994540729585825,0.25965247251676715
0.736625,0.0680367150161323,0.4321231223331184
0.73675,0.060486951964549826,0.17969533468801072
0.736875,0.2492170869018457,0.030325793950371056
0.737,-0.13497078664731366,0.09932836033937034
0.737125,-0.08612703174360523,-0.033550240609650624
0.73725,0.2721726401707979,0.20251980982760448
0.737375,0.3279955245614601,0.43760180840694823
0.7375,0.10517279910348737,0.19076206966958648
0.737625,-0.11396637055485917,-0.24872140028471507
0.73775,-0.02119740804626528,-0.11659452673907865
0.737875,-0.04181116957387006,0.037767733543405804
0.738,0.15297145750509902,0.19591956664564691
0.738125,0.29782999853885295,0.04814212612002801
0.73825,-0.015085352028073918,0.13082909752269029
0.738375,-0.4535600585034258,0.07404281332403483
0.7385,-0.46307218321297966,-0.1941995754516294
0.738625,0.0980951088120244,0.05438793032493911
0.73875,0.16147929500444488,0.11422262458755145
0.738875,0.04958626815325123,0.3605403271505477
0.739,-0.2321019544829995,0.06431968669517373
0.739125,-0.32925867079039955,-0.10546763290247702
0.73925,-0.2954892119921764,0.15582700000395971
0.739375,-0.15891907390571378,0.3081939230243996
0.7395,0.12994275432025418,0.09847778471647775
0.739625,0.19548625878202153,0.0689862526974282
0.73975,-0.29588666745260717,-0.10312200298442191
0.739875,-0.40600458481052826,-0.09393777625712019
0.74,-0.34400805121173406,0.04409303556256886
0.740125,0.06495801956967465,0.1808589380301466
0.74025,-0.09567822856782089,-0.0213608978522442
0.740375,-0.27276278113371855,-0.29466146279344685
0.7405,-0.0924708000549587,-0.530033644650594
0.740625,-0.08667398581434234,-0.1741338303979259
0.74075,-0.0995139154783619,0.16971651229212487
0.740875,-0.18009396879193015,0.0139977751640501
0.741,-0.32022175586582147,-0.1575903707489399
0.741125,-0.2825870844929764,-0.21035328315319055
0.74125,-0.31664127852363766,-0.25624033503362353
0.741375,0.13294990645749005,0.03896047643217117
0.7415,0.3462610312075474,0.09098871813072452
0.741625,0.13577610710414947,0.07203683078102517
0.74175,-0.18495345465403645,-0.20930012948318244
0.741875,-0.027031147028004857,-0.2392660527717733
0.742,0.2517782675659597,-0.07487438027117135
0.742125,0.4052485848222021,0.01809320998880762
0.74225,0.23311525129789362,-0.20052637550482727
0.742375,0.26327660868863556,-0.23265378944937237
0.7425,-0.0365192159080689,-0.20467936251567795
0.742625,-0.2747525502321012,-0.15801928550133895
0.74275,0.35659977771140255,-0.07549244277595207
0.742875,0.440119036992984,-0.08486164343910897
0.743,0.106264443291174,-0.18486011214665396
0.743125,-0.05627428494040587,-0.18294546162703917
0.74325,-0.0345212903922656,-0.23664136577121472
0.743375,-0.012079122129174487,0.07100780473362255
0.7435,0.11954114471980384,0.3711151847877132
0.743625,0.29567887277661803,0.2114230649046774
0.74375,0.21589820435067503,-0.018674322120588685
0.743875,-0.06046169492737939,0.11811068521711542
0.744,-0.3593965345690068,0.23209273713626344
0.744125,0.08197892579119226,0.3407048753159019
0.74425,0.2293816359511513,0.24169928634589793
0.744375,0.2057275413705233,0.34379823583526004
0.7445,-0.06290677794625546,-0.11497117640046797
0.744625,-0.2217596750185537,-0.05660134828077844
0.74475,0.10401488538624373,0.04369554096515576
0.744875,0.1669873412264961,0.2929063840157332
0.745,0.40541573161943173,0.18103441712186155
0.745125,0.4371443143094572,-0.03976417520451263
0.74525,-0.07992471208353774,-0.09001303209573336
0.745375,-0.528849102092864,-0.06636489606337312
0.7455,-0.18521769983936653,-0.048959503463798765
0.745625,0.27378531180239674,0.1333571767258423
0.74575,0.26387246993193997,0.2101069896700783
0.745875,-0.08429066326134493,-0.08067705659981834
0.746,-0.41370547616564324,-0.17959529392492268
0.746125,-0.21572599235897885,0.057796738215349225
0.74625,-0.11713847598388204,0.46093363701028117
0.746375,0.007899677731510103,0.19758988892099363
0.7465,0.24881851999035576,-0.00840382004365293
0.746625,-0.2381596708233978,-0.21724619412373908
0.74675,-0.31194811198581984,0.02625062211254224
0.746875,0.03370030758906604,0.23836402949908678
0.747,0.42044460337923345,0.3683551350795612
0.747125,0.3450216137358845,0.24580356495223626
0.74725,0.019168358196340066,-0.06736061106717557
0.747375,-0.06724111699750565,-0.3680807642694271
0.7475,0.0811762592939169,-0.19576315421926366
0.747625,0.041253947637986337,0.14614433503852692
0.74775,-0.1995155040245797,0.31739737987222855
0.747875,-0.02214231812322767,-0.0673962180805675
0.748,-0.0007916903332238047,-0.3048946649478611
0.748125,-0.1449160706997957,-0.08501305663475962
0.74825,-0.3113359002712034,-0.09796011279037953
0.748375,-0.054619935916462796,-0.0025432757621678534
0.7485,0.04607314537965795,0.15930364303425443
0.748625,-0.16406094099262347,-0.1108480961130438
0.74875,-0.38569457868554397,-0.2878114737924473
0.748875,-0.4091575632190244,-0.23062907883661202
0.749,-0.08476726738409532,0.36128052780443976
0.749125,0.04215069363039754,0.37024555986895236
0.74925,0.09108264503417281,-0.0055196294399585755
0.749375,0.013088067226221082,-0.13048444953516
0.7495,-0.12473824581105522,-0.052556743596785326
0.749625,-0.2976866315659955,0.06889060466728644
0.74975,0.13034576696508313,-0.024587944475518327
0.749875,0.25018799569019584,-0.03244836052654708
0.75,-0.10429096418118756,-0.0478738957929992
0.750125,-0.25760372576504836,-0.2794409888058606
0.75025,-0.11582844268262942,-0.17617586757104572
0.750375,0.15644130912456572,0.2473095035031956
0.7505,0.206457545306922,0.17330548163609427
0.750625,0.3380875152735489,-0.18828067004352717
0.75075,0.13536868503053504,-0.4674992996598561
0.750875,-0.1023420251692731,-0.3467129829762917
0.751,-0.13166454554951051,-0.10861515496753929
0.751125,0.497039744765312,0.05279865645894149
0.75125,0.7552103808541281,0.1884258688144777
0.751375,0.39463514397487515,0.07712116360262973
0.7515,-0.19197660294585858,-0.20017119498735675
0.751625,-0.033771018674976,-0.19000986241709392
0.75175,0.0004254066252579635,0.41132688567778014
0.751875,-0.014132999217964478,0.21638860706103677
0.752,0.014717628026835258,-0.032975058824979135
0.752125,0.042824325178234667,-0.1454466684556337
0.75225,-0.16510747869668413,-0.10492962552839911
0.752375,-0.15434206007019724,0.07780640192542129
0.7525,0.053022295507270834,0.23496666355376125
0.752625,0.31205386042880223,0.31848526882222866
0.75275,0.2239733881838236,0.17746987108265289
0.752875,-0.06487099837274045,-0.07308444488267361
0.753,-0.15516667226247025,-0.07912905634084606
0.753125,0.10785099484331456,0.43576424818182896
0.75325,-0.058135869148274635,0.38064774237537197
0.753375,-0.02515858561066069,0.3787104336792737
0.7535,0.05600160821071834,-0.08301128765156833
0.753625,-0.045072097752443495,-0.1808194427306529
0.75375,-0.03879342389907976,0.0829230235317119
0.753875,0.18514228959065043,0.11985532476177505
0.754,0.38023593784158355,0.018881644722390387
0.754125,-0.006772360115700317,0.0026820540678776407
0.75425,-0.29543615886269553,-0.16094798817385222
0.754375,-0.26312168191371876,-0.24060442851549976
0.7545,0.19011333323489796,-0.012314380877170569
0.754625,0.2670063914803318,0.2238392188086661
0.75475,0.10727358176596577,0.055551591177247235
0.754875,0.12003312926640929,-0.1966841629341291
0.755,0.07934878824755208,0.05815251968091094
0.755125,-0.0769480890945401,0.11311662519731812
0.75525,-0.05085015651816349,0.05504571055243429
0.755375,0.2804205327952241,0.04425049717468957
0.7555,0.059777420467209214,0.07593821493832775
0.755625,-0.19638512831439142,-0.12630991424100865
0.75575,-0.07715287612290081,-0.2416202637181482
0.755875,0.012546465596919743,0.2017082548587005
0.756,0.07514495808339361,0.30337353667392647
0.756125,0.01925117066277452,0.20421584096641898
0.75625,-0.09467696478966282,-0.3463928455541532
0.756375,-0.22503031462383327,-0.19331978041986195
0.7565,-0.3115903359663066,0.0024034621501727886
0.756625,-0.029111358204366156,0.11418593580573623
0.75675,0.15905098685284522,0.2023432683486584
0.756875,0.08398407206856384,0.19681382926824825
0.757,-0.33477860399895126,0.05213995535526208
0.757125,-0.4205569591882654,-0.12102219592670048
0.75725,0.04426695274806372,-0.07430246847719216
0.757375,0.11631134360806097,0.12368525584130831
0.7575,-0.0064578675246920614,0.021712940323673616
0.757625,-0.26396387583118003,-0.23091588511512381
0.75775,-0.36839586185255757,-0.0559615725634445
0.757875,-0.43545434147002016,-0.1092299888457444
0.758,-0.05663270554594297,-0.03351014211211342
0.758125,0.09489321109533418,-0.029258798060689154
0.75825,0.15108368031244737,-0.10469390201955327
0.758375,-0.13573178363215854,-0.14067677536343887
0.7585,-0.055856145517109906,-0.3305187852472373
0.758625,0.20370749629894921,-0.016119932726147354
0.75875,0.4256988316225583,0.23095302450257066
0.758875,0.2460688205158481,0.021719335098239395
0.759,-0.06448457467732857,-0.3258737688825384
0.759125,-0.008462844247781794,-0.43057035126481064
0.75925,0.06957765834819142,-0.11880487715009921
0.759375,0.3083360592138319,0.10514504254838322
0.7595,0.3644028782364853,0.02188032278646705
0.759625,0.16053718226114744,-0.20205134501701547
0.75975,-0.16253528918585958,-0.24228134025493736
0.759875,-0.20596281531087537,-0.2937842688686682
0.76,0.21082944567121,-0.12476067413399916
0.760125,0.22966601938168338,0.07429893342292185
0.76025,0.2656543276775649,0.028217690527908408
0.760375,0.07856873096549882,-0.2161520634388651
0.7605,-0.06833201820995631,-0.12743722400773685
0.760625,0.03835035377683833,0.2607441069924811
0.76075,0.021248486844594155,0.376130043892827
0.760875,0.23690822868670577,0.16526588214638763
0.761,0.14351381495613025,0.14172995097711755
0.761125,-0.20589331711573602,0.01863061574175288
0.76125,-0.4047980911314094,0.11987426762174497
0.761375,0.18371924732911335,0.17034415541918763
0.7615,0.2912639286736222,0.3255161955164308
0.761625,0.14960697533000464,0.2266807621985302
0.76175,-0.12417714936701724,-0.05653097795457431
0.761875,-0.05299519258454373,-0.1622618516099151
0.762,0.07539090479604549,0.141064926118893
0.762125,-0.14183358741805938,0.37644595597780467
0.76225,0.17535491396870487,0.20504767892921763
0.762375,0.3033234061352716,-0.014436838240802108
0.7625,0.10966781127230726,-0.11406426931363518
0.762625,-0.19867791665466095,0.0019527116118914182
0.76275,-0.02471426611069515,0.17762195020968372
0.762875,0.1687624613408757,0.1206931302575809
0.763,0.12556501685543225,0.21375423076059727
0.763125,-0.38060441039997533,-0.09361105130126524
0.76325,-0.061657317967681986,-0.11997639431180246
0.763375,-0.14291172122621354,0.13578188915580708
0.7635,-0.2124027825404335,0.4382828202504682
0.763625,0.13516844868903996,0.030895794647898992
0.76375,0.10237741792263488,-0.04714336856082229
0.763875,-0.07965702694232407,-0.07232183840119259
0.764,-0.3238856596192574,0.05081439671216018
0.764125,-0.2046770395577156,0.08938887448961157
0.76425,0.09854040778285046,0.20594419548573575
0.764375,0.16524081482531539,0.2618002845772943
0.7645,0.07421809381487714,-0.04397834623858276
0.764625,-0.19971267247222668,-0.3063937938385326
0.76475,-0.2690087963520932,-0.16251008399227296
0.764875,-0.055467555335559006,0.1574650333761401
0.765,-0.11339816068256026,0.09862454212335625
0.765125,0.10172659515402152,-0.19723908940628482
0.76525,-0.28263620013579044,-0.18371001755788316
0.765375,-0.5205965920155424,-0.044851900227596185
0.7655,-0.28291192247803865,0.07693392811447827
0.765625,0.26917440448777064,0.09516756984750777
0.76575,0.19257308683786592,0.1567945960332103
0.765875,-0.2941984667102209,-0.22778557210322786
0.766,-0.25396994765698494,-0.37766461597463585
0.766125,-0.23122787048028384,-0.15616964558577098
0.76625,-0.05394500249405219,0.31634910432334423
0.766375,0.12026984173595713,0.2917652064624139
0.7665,-0.2587333870559208,-0.1508803310979496
0.766625,-0.08033662754952922,-0.12046205597470273
0.76675,-0.3187582974235008,-0.16507765436215552
0.766875,0.08146726967577832,-0.11122598079780553
0.767,0.37020401872034003,-0.19421374217810347
0.767125,0.48696573720510417,0.07004825717675633
0.76725,-0.09164307505933968,-0.38722234483798756
0.767375,-0.13373286489329445,-0.5908830783426737
0.7675,0.21203516362271566,-0.30529943218440886
0.767625,0.3093697739932764,0.18408096744287739
0.76775,0.34846539046252906,0.06388757468880829
0.767875,0.29099500118079985,-0.22250281403350566
0.768,0.28334431826999196,-0.27394591751925806
0.768125,-0.09331644523251828,0.011937389308061241
0.76825,0.039539974222111134,0.059204816000096645
0.768375,0.4925339442739862,-0.02064684466647036
0.7685,0.25789457527000514,-0.11848850758544019
0.768625,-0.307102058457798,-0.17176702479835324
0.76875,-0.10787871934693133,-0.3708583049237165
0.768875,0.09482265979005741,0.1254901322673721
0.769,0.22779288989401944,0.5301807598362801
0.769125,0.10248506533466598,0.36301790809488366
0.76925,0.15503147554769198,-0.19725013180614132
0.769375,0.03997176227052114,-0.09611827364194572
0.7695,-0.37639619801318636,0.007187372212607537
0.769625,-0.35008371977853603,0.2454863777117068
0.76975,0.174586680006742,0.16847791932198278
0.769875,0.329749455430978,0.30071784528737033
0.77,-0.09993874180126855,0.12608620996986547
0.770125,-0.3022732997297794,-0.007823470377968864
0.77025,-0.20999354661081457,0.037314578292433766
0.770375,0.22611216807966766,0.4515971197449041
0.7705,0.14294471432582087,0.3994947393598936
0.770625,0.17366019408903166,-0.229561043241908
0.77075,0.1228817400253106,-0.1365570752334961
0.770875,-0.16195917987784963,0.053375375919915063
0.771,-0.2527376991101639,0.38965209026349856
0.771125,0.02189089250165698,0.16949478619624436
0.77125,0.42231028120024,0.04280504497549488
0.771375,0.2512952098217569,-0.06425286645480943
0.7715,-0.126346969681434,-0.32507664170804096
0.771625,-0.00029219468398545233,-0.19684701681787833
0.77175,0.10404681043464677,0.024811914058739278
0.771875,0.11853280241738026,0.22983066051211146
0.772,-0.0787367812734509,-0.25541260066263616
0.772125,0.013524065893294902,-0.32197220611077315
0.77225,-0.17600903102042942,-0.10369660865211983
0.772375,-0.24951397741118808,0.055276044611212036
0.7725,-0.011576877624442795,0.13923316122126583
0.772625,0.20943067259216966,0.20392426874490177
0.77275,-0.05639793583363586,0.17937872733483334
0.772875,-0.3064670371802534,0.015267567891539583
0.773,-0.014109219171811155,-0.18611455050939943
0.773125,-0.13048192730582497,0.1867841556980759
0.77325,-0.12534487172910003,0.2873116421362142
0.773375,-0.09117118441164869,0.051181105580477886
0.7735,-0.07302396677844515,-0.18694671675210842
0.773625,-0.16532609889479308,-0.030051846092420283
0.77375,-0.29582938044851287,-0.06275528509982858
0.773875,-0.13182885268375188,-0.08499725573654068
0.774,-0.09991968900166408,0.005739795688511739
0.774125,0.04416877837925542,0.006244850632098383
0.77425,-0.27019976153940095,-0.25627523342777264
0.774375,-0.330838779160051,-0.3383404855933397
0.7745,0.09287207451584235,-0.05741445789447656
0.774625,0.13746389200640002,0.12394476193712546
0.77475,0.031107020817181617,-0.01368533237845804
0.774875,0.14939853575508716,-0.2762982062911688
0.775,-0.018593162003699315,-0.2121159569893684
0.775125,-0.2143087410843654,-0.22976830041873914
0.77525,0.15358709628252387,-0.15449974258832158
0.775375,0.5640763274317792,0.027125811620460592
0.7755,0.25674316038210204,0.10579032804763329
0.775625,-0.16956420375623157,-0.19677375651357193
0.77575,-0.1594961814377607,-0.43877899085828875
0.775875,0.4038202364049066,-0.16278177099756272
0.776,0.39833206912440094,-0.045657399343920727
0.776125,0.2646381719438855,-0.21745517520164695
0.77625,0.0923968614023332,-0.21637892378277496
0.776375,-0.17071167155474665,-0.16787426230541755
0.7765,-0.12778651473117397,0.1406181514548938
0.776625,0.08249397661179865,0.04512671074381034
0.77675,0.4153829270859899,0.11808371245941986
0.776875,0.3911925899912976,0.24076200538183312
0.777,-0.25465025405935066,-0.018987244007303325
0.777125,-0.307367956303462,-0.23970915467701812
0.77725,0.2516407551822688,0.16313112057724358
0.777375,-0.0189544495819764,0.502925231148216
0.7775,-0.13971782390447757,0.38563827252036803
0.777625,-0.14166954626085268,-0.1112903429153726
0.77775,-0.22758428811027262,-0.06422022953390527
0.777875,-0.122006734282757,0.30350820629298214
0.778,0.29534461110833304,0.32108802118879
0.778125,0.4241124918944718,0.2179862294059614
0.77825,0.22038071969813816,0.05999225827089049
0.778375,-0.09352606866825691,-0.17752000824898773
0.7785,-0.02705145946530848,-0.19175329218118284
0.778625,0.2513517040403303,0.0623568181334674
0.77875,0.4152672697846508,0.34861384921551863
0.778875,0.06788431008957437,0.20440871912678157
0.779,0.0377761960435378,-0.08918369627254992
0.779125,-0.30599195060361295,-0.34307098822041077
0.77925,-0.2532348491103872,0.1611912207411367
0.779375,-0.0657638117234345,0.03596634185596349
0.7795,0.37048135936776616,-0.06513982102423031
0.779625,0.2584246158021447,-0.1295096264330948
0.77975,-0.21067523382204412,-0.13687654605499297
0.779875,-0.2618213253097707,-0.11414889590126387
0.78,0.058055980429152894,0.16291286113870942
0.780125,0.14797092434301684,0.3696892797507929
0.78025,0.12789933168176174,0.07032578636254112
0.780375,-0.2407413215766738,-0.1521502180196795
0.7805,-0.395275146844639,-0.08870254243464863
0.780625,-0.17542449580499267,0.24399820465641375
0.78075,0.1759423864122542,0.25890793845498256
0.780875,0.3235166170728806,0.15930534947364058
0.781,0.18773603447411574,-0.10299289878475523
0.781125,-0.37336549846507205,-0.1586752375452395
0.78125,-0.5159602849272873,-0.09373088547016273
0.781375,-0.034473724825841545,-0.01993093557929549
0.7815,0.3864169111038549,0.2520120294120408
0.781625,0.13764770402401108,0.11953143531836272
0.78175,-0.2618072375555854,-0.19704832074377132
0.781875,-0.3255846703004937,-0.3550855016214998
0.782,-0.16496220111562496,0.10161636146445341
0.782125,-0.15485465817038832,0.16409677794030356
0.78225,0.0891324285595389,0.0758037444889173
0.782375,0.28991666611044953,-0.2043704083411135
0.7825,-0.4029178681175359,-0.2759362229932455
0.782625,-0.29137239392876985,-0.08538175800378271
0.78275,-0.22190340395988928,0.1312387130145997
0.782875,0.12178094709480361,0.481917566219956
0.783,-0.07916710130226033,0.14028905373711067
0.783125,-0.44021761706111945,-0.3069480977835713
0.78325,-0.25753978741855543,-0.49731760548896775
0.783375,-0.009269007216775899,0.10480901544597758
0.7835,-0.007105912762100516,0.4476614388632085
0.783625,0.30377991138593413,0.012484790924274838
0.78375,0.3320903594779374,-0.326388579395695
0.783875,-0.027389751119164935,-0.3987490910992556
0.784,-0.21325155174090288,-0.17109716410064846
0.784125,0.053049044804263416,-0.15681064366429734
0.78425,0.5844080047841133,0.1156366230597953
0.784375,0.4845301831632266,0.040316931846452936
0.7845,-0.029357332661522163,-0.27423893753808043
0.784625,-0.23266152565099044,-0.45470869985946366
0.78475,-0.014373674848976928,-0.10936768517557748
0.784875,0.04365833108228089,0.16805583430224766
0.785,0.2053580423235204,-0.1358808987745709
0.785125,0.42283068129544477,-0.31652961725658396
0.78525,0.020814644351700034,-0.31156200792447136
0.785375,-0.34974917023023344,0.12149821867865351
0.7855,0.05574640555471588,0.11454261082171094
0.785625,0.4835505333681359,0.2653128205698961
0.78575,0.22490906325142748,0.17622843326514717
0.785875,-0.1986343373347648,-0.12424563994380651
0.786,-0.04442595550219416,-0.3106523265832819
0.786125,0.037142834147013984,0.1934475410959906
0.78625,0.26877155521995033,0.625205052740266
0.786375,0.12528595035006634,0.19016313879701963
0.7865,0.11858721605089215,-0.05894753418593951
0.786625,-0.25467696146377283,0.023853825636182983
0.78675,-0.39501255199139246,-0.07788410884532156
0.786875,-0.17746583991429224,0.12171423490531774
0.787,0.4621573146194703,0.1525005133114108
0.787125,0.3930482758253395,0.2894833944093497
0.78725,-0.06558145176053704,0.04950901405036373
0.787375,-0.14608353182855302,-0.5289050672132681
0.7875,0.05599226383387284,0.0853197828377114
0.787625,0.049420184796690664,0.366115701637974
0.78775,0.032317100617362926,0.34497122514938644
0.787875,0.03921926510382491,-0.062384151467980986
0.788,-0.09123211507906996,-0.14505439004526136
0.788125,-0.37276429700096547,0.21679963749120987
0.78825,-0.3175077213408954,0.3090342753945823
0.788375,0.3334999425019133,0.07836776580158568
0.7885,0.10628720874594116,0.12667129682863232
0.788625,-0.07335097860795546,-0.17082391555560214
0.78875,-0.45337250237268706,-0.39413766186895244
0.788875,-0.20960966063566522,-0.09566859186039639
0.789,0.025656952256088723,0.32876097591718634
0.789125,0.037001476465955495,0.33212808605562605
0.78925,0.140763537139597,0.111698981464053
0.789375,-0.06716039118488162,-0.0014453381531318874
0.7895,-0.29394509253319007,0.02717858201805312
0.789625,-0.0900827267913019,0.18252713196252057
0.78975,0.5353943250311907,0.04845947770681897
0.789875,0.49241901005585403,0.10291220097824154
0.79,-0.25734523941317133,-0.053272441233716446
0.790125,-0.5525469526385685,-0.42918323235807354
0.79025,-0.2421883779097938,-0.27136255331342385
0.790375,-0.16756212980920923,0.16894230315004857
0.7905,-0.271867875135866,0.11565845081268322
0.790625,-0.10357972246293362,-0.23834875082551304
0.79075,0.0878469067990795,-0.47125872031974836
0.790875,-0.4207530442196747,-0.09080842061398693
0.791,-0.4419754280697156,0.08424761253294458
0.791125,0.23856489845781903,-0.06422920479979667
0.79125,-0.030219318718614843,-0.007819924259877018
0.791375,-0.1958358464380306,-0.12791815323634115
0.7915,-0.4886311618851577,-0.15665224988697482
0.791625,-0.13148744678993401,-0.1921717583904459
0.79175,0.16679878550727037,0.4213813677873589
0.791875,0.11271241273991554,0.5111746271359222
0.792,0.13850251430748542,-0.10045167372430167
0.792125,0.179694002785124,-0.5581203594769368
0.79225,-0.20165262990009544,-0.29558932090139756
0.792375,0.06483183638043283,-0.05628881568980421
0.7925,0.6880285111986502,-0.1818690131370177
0.792625,0.7079527342439504,-0.03431278496868194
0.79275,0.2446585148545764,0.07706220311392444
0.792875,-0.1688313899115892,-0.3746787470845642
0.793,-0.05701879914568195,-0.14891164719369382
0.793125,0.28324755601520357,0.04877508247577881
0.79325,0.29965548764761185,0.21286994471713236
0.793375,0.02928962719197131,-0.15916311397685592
0.7935,-0.08129348385496923,-0.4209309439930401
0.793625,-0.426512568348033,-0.21735404288566934
0.79375,-0.27829532138265617,0.015778215836886694
0.793875,0.29148892798425746,0.23964196363630685
0.794,0.530698417574774,0.1462247692441925
0.794125,0.2627596139526849,0.11530616556025551
0.79425,-0.09931424250370571,-0.09525088621684638
0.794375,-0.25192082874526756,-0.03508007567808264
0.7945,-0.04455347190206536,0.5230457799141168
0.794625,0.16061698710020267,0.6896191536205448
0.79475,-0.13124467657125227,0.14449204775908261
0.794875,0.027133368398837888,-0.3277313171856001
0.795,0.10681253103229452,-0.058934299086440135
0.795125,-0.31752032550622145,0.3079570715442911
0.79525,0.02699751357234742,0.33948375787637497
0.795375,0.37446936745016496,-0.045996137405794627
0.7955,0.16321341789329324,-0.3417610019825841
0.795625,-0.30631708059751017,-0.18815328459694974
0.79575,-0.27111043457032874,-0.25107797998541553
0.795875,-0.018477503662867895,0.2920722178223998
0.796,0.2518373622501363,0.4198347448860524
0.796125,0.18818269275816046,0.34435299597175095
0.79625,0.04517988292157521,-0.04317387129878772
0.796375,-0.31025057157073943,-0.15963145639704399
0.7965,-0.15731839848235438,-0.04166479220826084
0.796625,-0.0419166164919491,0.24677157123147814
0.79675,0.34782961740027374,-0.040563992391186
0.796875,0.25275254994308016,0.03538390232922823
0.797,-0.49126663900199896,-0.024401163692888223
0.797125,-0.3297755119637755,-0.21071326824545475
0.79725,0.241347259638703,-0.033564204993817424
0.797375,0.18056895203607015,0.25698978231607605
0.7975,-0.10094840520313629,0.11334350618540998
0.797625,-0.04444085156138534,-0.24990266410890596
0.79775,-0.07556219015052364,-0.14172543064203189
0.797875,-0.23802649001067577,0.16666013313007763
0.798,0.009107590003775768,0.18214748647404114
0.798125,0.22428683359517712,0.005296378048903165
0.79825,-0.07509544143059142,-0.03864259328976958
0.798375,-0.4971457317107963,-0.015135165586888997
0.7985,-0.42731075083856357,-0.17062216005234485
0.798625,0.18361113808572754,0.09966675581002792
0.79875,0.2578058485403383,0.3721464775692243
0.798875,0.031965335448125874,-0.0023049871319469175
0.799,-0.3037755313152722,-0.4847198699449709
0.799125,-0.404540439282825,-0.31808754687503404
0.79925,-0.12322400184556348,0.1365604816326333
0.799375,-0.22364729674086797,0.11263236454876427
0.7995,0.09022484801467759,-0.061282466716302206
0.799625,-0.04833142215304135,-0.07747510281383559
0.79975,-0.3338915194763984,-0.0885375302105684
0.799875,-0.31788285649662945,-0.06326430814556588
0.8,0.39353955878457103,0.11783061968356985
0.800125,0.4919028784911189,0.1652573021554861
0.80025,0.05205855389901957,0.03373117438134766
0.800375,-0.06831938405569199,-0.5314214577039127
0.8005,-0.1402163368814688,-0.5066541515618954
0.800625,0.1438345884724889,0.2061474850897846
0.80075,0.21160439286034133,0.11949049643868567
0.800875,0.3581316669517765,-0.2544871048391022
0.801,0.2932227305874131,-0.3193560357044155
0.801125,-0.0909381026030497,-0.36896172541221306
0.80125,-0.4085694839820116,-0.2651142846635132
0.801375,0.27283230514041956,-0.19773207238659274
0.8015,0.5869717379934952,0.17173460169403487
0.801625,0.29304410662441366,0.08441345322705131
0.80175,-0.1419965000624113,-0.2530938686498639
0.801875,-0.18536200812449122,-0.27166536526991264
0.802,0.016003715538660767,0.3857681504577983
0.802125,-0.12039617399220795,0.25181519456444207
0.80225,0.19662563664078722,0.10087272996505187
0.802375,0.1468481494215958,-0.0952938116743478
0.8025,-0.23058399972780008,-0.13871749899175026
0.802625,-0.4446955895345373,0.10785137685983848
0.80275,0.0830159504790916,0.16224699111444493
0.802875,0.3688116026679471,0.3861365840820367
0.803,0.0762037907234437,0.20308118829432548
0.803125,-0.14181447341032913,-0.13514585438121338
0.80325,-0.3150273341160937,-0.32826702765756866
0.803375,0.10930162006950711,0.37858081872067306
0.8035,0.14419189816853417,0.5830124435668553
0.803625,0.34670107758356133,0.22451828929586573
0.80375,0.6486846089197115,-0.16229444733853138
0.803875,-0.05144416205113713,-0.04998618791430123
0.804,-0.3627938372567201,-0.08624016048695256
0.804125,0.08620176805957487,-0.06557248160433839
0.80425,0.3025561490002083,0.13200659907383733
0.804375,0.269098762431792,0.18077580436739576
0.8045,-0.24999590892097356,-0.08027933993881166
0.804625,-0.08088528231285319,-0.3668352776432291
0.80475,-0.13530029300597346,0.0759671067678955
0.804875,0.034335717172982845,0.45011960852775484
0.805,0.14660777907763684,0.04964494914055209
0.805125,0.22098317349173086,-0.25367686188320177
0.80525,-0.17001763832084082,-0.10220866843719963
0.805375,-0.38757964766347086,0.18056275624034238
0.8055,-0.08343935397893276,-0.008656100869096657
0.805625,0.22000144623529871,0.4035568144826193
0.80575,0.07108142796852143,0.4272949470904196
0.805875,-0.45058091282477347,0.16126659621145817
0.806,-0.21700008558629036,-0.26549584848208285
0.806125,-0.3498977490727181,-0.02527774081855403
0.80625,-0.16428828599556913,0.35303847234369407
0.806375,-0.18613653454240608,0.11459258129138128
0.8065,0.07835816196382482,-0.3444241203212697
0.806625,-0.19241861276200795,-0.2438944152553338
0.80675,-0.569586079760628,-0.05987617915181697
0.806875,-0.4210751975774702,0.23753723702863025
0.807,0.24617957356438083,0.34603420999223233
0.807125,0.2791412492735793,0.14871655586798072
0.80725,-0.3077946051763748,-0.027593036986111475
0.807375,-0.36619268550687173,-0.3067432269611958
0.8075,-0.09212525616417326,-0.03104259853238863
0.807625,0.06439781681235271,0.3633192635348112
0.80775,0.1881297137030815,-0.025386126118445738
0.807875,0.12130517187491469,-0.21426438239533163
0.808,-0.2512330105722183,-0.35116289386781097
0.808125,-0.44030895920699326,-0.08947475778288878
0.80825,-0.17369357736252541,-0.04882620222958555
0.808375,0.5441675812826462,0.051784794907396285
0.8085,0.5460667027464597,0.1330052703488393
0.808625,-0.09467396118280874,-0.07696812200812009
0.80875,-0.4605596123064166,-0.5061358357740458
0.808875,-0.038667066080469235,-0.23898019169200452
0.809,0.23706367868468375,0.19387595233478463
0.809125,0.14582562654633,0.31316712256057333
0.80925,0.2865212753318647,-0.28578512032941067
0.809375,0.32455619054442325,-0.37911172270680527
0.8095,-0.07664184207855591,-0.13733990568366922
0.809625,0.10368305905881,-0.056558378395770735
0.80975,0.31649742701777156,0.1456311980757242
0.809875,0.3472608289710697,0.17068798829358592
0.81,-0.18752528528015183,-0.22764973738388128
0.810125,-0.386936707081666,-0.41467983864660934
0.81025,-0.10915357471573439,-0.24002622216568775
0.810375,0.020730374584296753,0.6033381387902098
0.8105,0.12271944947315602,0.5340546133551993
0.810625,0.2153366767970231,-0.04551626040349903
0.81075,-0.08136691473803484,-0.2976457261409227
0.810875,-0.31431055723486295,-0.1067181859177559
0.811,-0.16045566653423118,0.27285580607901894
0.811125,0.3845268009453665,0.1445014418743244
0.81125,0.4554258206940602,0.1757927081594329
0.811375,-0.07321084814143092,0.2758686803103274
0.8115,-0.38228547971373383,-0.05120231643323508
0.811625,-0.340928582735138,-0.07708766131712579
0.81175,0.2908000161942661,0.2627774968260278
0.811875,0.45516906231896986,0.2369942877159808
0.812,-0.00680414129046387,-0.17401775734498343
0.812125,-0.13105899109690194,-0.3323401754365647
0.81225,-0.2460316211772782,-0.03344716232291667
0.812375,-0.18980565860446913,0.0935869202473968
0.8125,0.348141492413422,0.24295937159089087
0.812625,0.5062754163945425,0.033434086651361744
0.81275,-0.14556726509187418,0.0015223595260156052
0.812875,-0.5174079559095115,-0.15372082394750802
0.813,-0.27794485409633163,-0.1676866986601833
0.813125,0.06493395473537947,0.4398285598849087
0.81325,0.07772786818656673,0.5148531153901941
0.813375,0.04750133874274368,-0.06256859823802743
0.8135,-0.04720195425132052,-0.44287603511958745
0.813625,-0.2626696404319391,-0.03575138855821816
0.81375,-0.4429126145127486,0.2867178465430371
0.813875,0.21371661679344056,0.27260474141811575
0.814,0.495879348646401,0.05050457316520063
0.814125,0.12789806578126175,0.06887862695849492
0.81425,-0.5862771051144293,-0.12749913012310723
0.814375,-0.36489191493739265,-0.22064684245599736
0.8145,-0.06665862954669442,0.16383529434155872
0.814625,0.3958699547362005,0.2820587857225599
0.81475,0.20144271615080295,-0.0036059313634436685
0.814875,-0.11662768868633394,-0.4427323311793876
0.815,-0.30591079483460554,-0.14948991280824722
0.815125,-0.3445925941571394,0.06049079767989844
0.81525,-0.03625579258280097,0.11545907647381783
0.815375,0.45400036795555937,0.16412886183386524
0.8155,-0.05966130545430505,0.03262249707605099
0.815625,-0.7912215631020588,-0.3492798881651667
0.81575,-0.5191061520835872,-0.413902289642369
0.815875,0.11836198410653408,0.052999831797747296
0.816,0.305735613425446,0.4816004782438276
0.816125,-0.05487321302143243,0.06028329080463763
0.81625,-0.25305327480262224,-0.460490323316065
0.816375,-0.3327912116339492,-0.33443222184702104
0.8165,-0.2105080876157961,0.1611296061777953
0.816625,0.19643103660190436,0.2954229151363474
0.81675,0.6986910670267547,0.2365311240707176
0.816875,0.2911581641042575,-0.14891052885687678
0.817,-0.2773029170242972,-0.36424103178593253
0.817125,-0.3900510607127566,-0.32968688392236484
0.81725,0.3395175890439058,-0.021259039989390542
0.817375,0.46154292633647315,0.4333864967776192
0.8175,0.07026672777311867,-0.040109348638199226
0.817625,0.013224287942843024,-0.7751070190773727
0.81775,0.07126228574438326,-0.5363876822233287
0.817875,-0.06494095172494992,0.2284838219175275
0.818,0.20634038592557075,0.5054470650683288
0.818125,0.3018423567745945,0.0023150250926674706
0.81825,0.012451209195967483,-0.2746705783190059
0.818375,-0.3802440121079781,-0.20060789539820864
0.8185,-0.3172620239633564,-0.29000334336229056
0.818625,0.36227735427505897,0.27067799896089234
0.81875,0.6573802572878491,0.4256627554766756
0.818875,0.26904930635606544,0.15941571003671387
0.819,0.06977037038084447,-0.43995669988578495
0.819125,-0.09864366872755642,-0.4438563093628338
0.81925,-0.04596968739445858,0.16436408329032332
0.819375,-0.0217219098126852,0.3550432853842775
0.8195,0.45307442693115896,0.015682806085319204
0.819625,0.3187297394200537,0.04001511870905007
0.81975,-0.3373423611004141,0.111994482693224
0.819875,-0.47227573273531986,-0.05162754142580767
0.82,0.2812712275199642,0.1237309298120349
0.820125,0.5439464110073685,0.3106768121423404
0.82025,-0.026264603525795686,0.1998925132963834
0.820375,-0.03796010053238159,-0.3756423249486774
0.8205,-0.33898569970202896,-0.22397256184222647
0.820625,-0.031946187944159085,0.5317737921047234
0.82075,0.0999668083904319,0.5827241444102832
0.820875,0.4057318777039313,0.24890145873970096
0.821,0.3190162573610473,0.09418047818906426
0.821125,-0.22153873847147074,-0.08028444648173655
0.82125,-0.4999241278030501,-0.021075312085103083
0.821375,-0.177922525344763,0.02293518521382103
0.8215,0.14556371929678205,0.3723648292145775
0.821625,0.0793800173957778,0.37364682303679464
0.82175,-0.18169937349646098,-0.4514262834736102
0.821875,-0.2886920693724611,-0.5603221867796169
0.822,-0.2693617495687122,0.17058392953290719
0.822125,-0.12443461493563607,0.4384404447113897
0.82225,0.045880177126681465,0.13687005231363927
0.822375,0.2627197212062186,0.05811691669992639
0.8225,-0.04121700540498881,0.03357178785473174
0.822625,-0.35585107854280723,-0.08850015635464219
0.82275,0.027348249892522578,0.2400916400907969
0.822875,0.3009301034692748,0.3088831111947049
0.823,0.10722639974255758,0.48471997284670426
0.823125,-0.2454519930393365,-0.15273486106341977
0.82325,-0.2580603548987725,-0.5156008881917467
0.823375,-0.014820975145599645,0.015895353148014883
0.8235,-0.16989968753014095,0.26941176062569266
0.823625,0.040972264031094094,-0.016787465599329584
0.82375,-0.08097204101929185,-0.15409456562306184
0.823875,-0.25408328537445474,-0.14388077539241986
0.824,-0.6361336084398582,-0.18191964621220186
0.824125,0.02333198687187389,-0.24017742504384104
0.82425,0.5945400844084497,0.3498576962882875
0.824375,0.30239620419661795,0.20005204445352892
0.8245,-0.462070686240457,-0.07538056693566227
0.824625,-0.3689665849371434,-0.29732267706221105
0.82475,-0.29599786842404846,0.13363209270535126
0.824875,-0.00921111433977053,0.31166029516020505
0.825,0.0894888187505335,-0.009524669759666815
0.825125,0.19836867489557286,-0.3641697960825126
0.82525,-0.12345460922561134,-0.3101845369587773
0.825375,-0.33753526408640866,0.04436672547403971
0.8255,-0.1249246480235895,-0.24907952158116958
0.825625,0.501581463836351,-0.049161246478344016
0.82575,0.3321774932431258,-0.15102840364853107
0.825875,-0.16400028317438603,-0.20681264742988734
0.826,-0.3121348262205931,-0.4067183583617365
0.826125,-0.03525308497044327,-0.0448162229902801
0.82625,0.24197160248491528,0.5237097363489708
0.826375,0.2823230419889714,0.2276935807830974
0.8265,0.5144768798284678,-0.305977579096055
0.826625,0.09149175128313412,-0.17076977941519045
0.82675,-0.3237195100583504,-0.17613669682256122
0.826875,0.030328553843634205,-0.0599371995169732
0.827,0.798654324220077,0.010829683113902592
0.827125,0.5168499774086351,0.10753856474255943
0.82725,0.13289233457149435,-0.080308462907296
0.827375,-0.2811535258411803,-0.45850091812087396
0.8275,0.09190152867979848,0.012842098999852164
0.827625,0.19335556267552867,0.6351465850950258
0.82775,0.19564249220706662,0.304615551236585
0.827875,0.3472615817340949,-0.14002630081147732
0.828,0.17192324725945676,-0.025354353111988914
0.828125,-0.5328390757266643,0.11109838391131298
0.82825,-0.10193441062142228,0.3371794634815122
0.828375,0.3505424599053196,0.44405307435080343
0.8285,0.4260981170822574,0.5735566184065191
0.828625,-0.21856971206119521,0.2028677384622178
0.82875,-0.41052711139719344,-0.27392162563788347
0.828875,-0.12177445970368445,0.0900857107925763
0.829,0.05950147335334485,0.40818432448949626
0.829125,0.21522300015936943,0.547651788153038
0.82925,0.18806509078993425,-0.08337455132922338
0.829375,-0.08830598934397607,-0.17864809503081566
0.8295,-0.3615898719363688,-0.148665720201859
0.829625,-0.41514445700863517,0.12152768382161638
0.82975,0.08473729589285288,0.16912811350798287
0.829875,0.5583179510325105,0.3191775565832879
0.83,-0.10735106638014763,0.07474671057970689
0.830125,-0.435900952967445,-0.4327301984985929
0.83025,0.010871243808473059,-0.09260867214403014
0.830375,0.21965272736405933,0.34221727702426563
0.8305,0.17779936945096794,0.19226533873834403
0.830625,0.10350713473606955,-0.09771494742250326
0.83075,-0.14925823489955228,-0.3440564838547664
0.830875,-0.5794365770215884,-0.13373675995253356
0.831,-0.3970097497479158,0.07132939948607483
0.831125,0.23707418511516481,0.05077942212784073
0.83125,0.5733677635404576,0.13418853794557903
0.831375,-0.042824330901445086,0.04544633759597887
0.8315,-0.23092491550019678,-0.30025333502199486
0.831625,-0.08265321191443385,-0.4959754804414403
0.83175,0.3977734734140393,0.21753939337502706
0.831875,0.011151584484847725,0.3727559252623378
0.832,0.022755154114324862,-0.1780987998675896
0.832125,-0.5093859836908927,-0.31524102895639
0.83225,-0.7101549357871438,-0.1803533798392193
0.832375,-0.6648644176405363,0.11790691940286555
0.8325,0.17752894485042306,0.11797495981876975
0.832625,0.5436414681873996,-0.03893436731354537
0.83275,0.08455084922992116,-0.07598063258434457
0.832875,-0.7502699394231179,-0.353012223631324
0.833,-0.3186963514634236,-0.4538720275190832
0.833125,0.3001591993268873,0.3922599543305893
0.83325,0.3474208013266404,0.45624494503036095
0.833375,0.26412205821242185,0.017187392026567556
0.8335,0.08900099914168821,-0.33051207390856724
0.833625,-0.12910428157718828,-0.20748846265854987
0.83375,-0.13700334242138798,0.16362870244459007
0.833875,0.2649569794722296,0.1587150544438769
0.834,0.5021722137982125,-0.09059536354732789
0.834125,-0.04586963763300546,-0.38024236603011335
0.83425,-0.3623884522603422,-0.5834316015353249
0.834375,-0.0569051840582019,-0.40906834738908576
0.8345,0.3267761465616158,0.07477943086614965
0.834625,0.5244478956577421,0.5506966012300673
0.83475,0.04553799737628447,-0.01842169106248563
0.834875,0.14359105691409824,-0.5721610812332487
0.835,-0.11326827888282294,-0.33987311144573246
0.835125,-0.2827443897977287,0.11691675213561092
0.83525,0.09680258725718138,0.1638964340080495
0.835375,0.3938897007778123,0.3218076199870785
0.8355,0.12819370688443096,0.04131856944042414
0.835625,-0.5551630682320876,-0.1347299489284904
0.83575,-0.04476410137060169,-0.3037811718713019
0.835875,0.4453562011349874,0.1199230576311833
0.836,0.4321376679412455,0.49100130547716203
0.836125,0.3057045875054431,0.06331965298947176
0.83625,-0.048257006163292655,-0.38396411661976326
0.836375,-0.2136864685114893,-0.15404551765749191
0.8365,-0.2251866342823814,0.3760527472876477
0.836625,0.03483863231861769,0.5113891518154883
0.83675,0.45885093547181055,0.37924574901342134
0.836875,0.2847788701914392,-0.04525233843236864
0.837,-0.3571264770598095,-0.04967709494013024
0.837125,-0.677273885429883,-0.12065118863611204
0.83725,0.18302291316596594,0.12389618753375164
0.837375,0.34363253550257655,0.5310228255077051
0.8375,-0.021058455332399747,0.07020469383099957
0.837625,-0.23467376758302988,-0.42999609583128884
0.83775,-0.2605188120375049,-0.17202311891625074
0.837875,-0.2917548471460424,0.43875486618014753
0.838,0.06320553071826826,0.47099089416641027
0.838125,0.4603533684597373,0.2808703643096908
0.83825,0.46584061464793214,-0.0037955243211528432
0.838375,-0.4789052945136385,-0.12956582888676837
0.8385,-0.4532836934297489,-0.2922742026939767
0.838625,0.2617404586571891,0.05650124675029143
0.83875,0.3728132278597141,0.3388684135720837
0.838875,0.0926015074035669,0.18421626540972502
0.839,-0.20893886459952818,-0.40782225626844937
0.839125,-0.3753529710491649,-0.553005291547721
0.83925,-0.3681129054148797,0.12203178034930647
0.839375,0.05464485024416909,0.2757710225494372
0.8395,0.47021857498717173,0.008535662096435854
0.839625,0.4589328195832858,-0.2587930329963024
0.83975,-0.490030430575214,-0.32679704203765175
0.839875,-0.6916829062879012,-0.26928726480372844
0.84,-0.18224938809413033,0.017086563741744637
0.840125,0.4706114768540272,0.41527307569136684
0.84025,0.23308865888203192,0.407459192795037
0.840375,-0.28732064194737156,-0.3068643812140471
0.8405,-0.2833351889833074,-0.4554067978372422
0.840625,-0.311589141263873,0.11619844494547006
0.84075,-0.13164232016468183,0.4691682943984743
0.840875,0.32659087229186323,0.07707236646877665
0.841,0.039537508586859824,-0.17726888998528736
0.841125,-0.5576348157748894,-0.4067291949300757
0.84125,-0.6621710976407924,-0.3808236915182955
0.841375,0.13435430713339935,0.05540602107127334
0.8415,0.466743216053548,0.42344068424274756
0.841625,0.23981682707015264,0.2360600524622356
0.84175,-0.043502404071021065,-0.47420669649598346
0.841875,-0.08762576977194993,-0.7258992287300525
0.842,-0.15553283592393022,0.028016461125708575
0.842125,0.3405664978648496,0.20135911781407353
0.84225,0.5571874476381508,0.08205300662288242
0.842375,0.5385363678730317,-0.38107614551921426
0.8425,-0.11528448293053283,-0.426652082117099
0.842625,-0.43295663548574537,-0.19098875960837708
0.84275,0.09205483030532882,-0.08925281134185759
0.842875,0.41205582846642586,0.21893771223192085
0.843,0.15892267364789964,-0.040265027778350525
0.843125,-0.21227685025083354,-0.5392362633812664
0.84325,-0.14995722185542415,-0.5949274904192563
0.843375,0.08475819127520236,0.14687893537064298
0.8435,0.21354456470968988,0.3547960840626422
0.843625,0.20975099036002115,0.3353054625544561
0.84375,0.22950116318533748,-0.06737075233524098
0.843875,-0.2986226788867084,-0.15386850041404987
0.844,-0.5348089872062622,0.15270821361194556
0.844125,-0.16031977030826472,0.24522401021159052
0.84425,0.5794832827510159,0.5242227163060338
0.844375,0.3524310599114733,0.5181728311792908
0.8445,-0.04366108017240986,-0.31519326805691394
0.844625,-0.133002950400818,-0.4450100431928444
0.84475,-0.010081544610291718,-0.012816121285543864
0.844875,0.3250456439232897,0.5657393457476954
0.845,0.24118478205716581,0.19952745628859575
0.845125,0.3729306858437938,-0.25408573326763295
0.84525,-0.03190274329406382,-0.033487507361531506
0.845375,-0.26218970086776455,0.09808564295623846
0.8455,0.35327264424790333,0.21704189151291878
0.845625,0.5527060992956844,0.12589023730899276
0.84575,0.3514340821642836,0.07374194121345569
0.845875,-0.16435704358984518,-0.21641086839266183
0.846,-0.5352939491185053,-0.568590271531511
0.846125,0.05805019748239666,-0.1618578408878537
0.84625,0.17375951844824158,0.24814891042597262
0.846375,0.16505858966415315,0.35152842141924356
0.8465,0.052363286986706295,-0.04622608823544069
0.846625,-0.18603841168841798,-0.23829656250198103
0.84675,-0.3823006814873666,0.00581589645346109
0.846875,-0.30869955070599714,0.16183443254992982
0.847,0.29445540779472024,0.2381783002792407
0.847125,0.46427232731656193,0.29332768156005157
0.84725,-0.13122097129817514,0.058438738943323375
0.847375,-0.3901436958974976,-0.3101318030913744
0.8475,-0.04984161827789309,0.2039011627464167
0.847625,-0.07707940432465465,0.5488226227810615
0.84775,-0.06206571528402738,0.31045010205139806
0.847875,-0.04263590954785284,-0.4012286265318457
0.848,-0.23593243821998774,-0.26847233732014153
0.848125,-0.4575457004153378,-0.0494330262282169
0.84825,-0.18562785199499154,0.03792618485659946
0.848375,0.3473380653849667,0.1444666342532467
0.8485,0.2542488268544182,0.11581202968409923
0.848625,-0.44918637566412284,-0.1653259514792089
0.84875,-0.6367195685808957,-0.4338281651546058
0.848875,-0.4139269512409227,-0.36232238200672184
0.849,0.043707477625884505,0.3770837297130706
0.849125,0.14629550536441194,0.30739221770398784
0.84925,0.06607328792610914,-0.15762324285408577
0.849375,-0.1472729906287694,-0.22912142841181293
0.8495,-0.5463765174121095,0.10586006490268256
0.849625,-0.4856708756270399,0.047822383562177086
0.84975,0.38247938621519645,-0.13081738540008825
0.849875,0.44566959808270457,-0.2326315198786264
0.85,-0.1309357646353842,-0.26581004807220737
0.850125,-0.3714869113882523,-0.3961966975441621
0.85025,0.03539764726237989,-0.17280751952809134
0.850375,0.37206228142334746,0.353961933351586
0.8505,0.45962772867112245,0.18511451565020057
0.850625,0.14891961442491855,-0.3280107045737239
0.85075,0.3631534086070518,-0.5978926736388634
0.850875,0.039003273933504196,-0.31666749806289707
0.851,0.099103181941133,-0.09720590838415395
0.851125,0.6463587456383352,0.08750735890734229
0.85125,0.8025373593072641,0.1519811479312389
0.851375,0.002453475133226691,-0.012837598917329957
0.8515,-0.7187367132834072,-0.38404857844987705
0.851625,-0.1422955563375148,-0.5505274679433609
0.85175,0.07374844744783164,0.4040434946155563
0.851875,0.2786121875766333,0.32003060983317605
0.852,0.2839725144056296,-0.16195962293107619
0.852125,0.2893761960114661,-0.3355721033462545
0.85225,-0.205370659311744,0.05488632390264026
0.852375,-0.36471167569567736,0.2077814540366716
0.8525,0.21658492029979654,0.27241072923881154
0.852625,0.5569772858608258,0.18001278823193967
0.85275,-0.028081627687185882,0.14438402084365592
0.852875,-0.6805193422168363,-0.1638607942018688
0.853,-0.2990096777118306,-0.06116654164821074
0.853125,0.28889566196428795,0.5003601505842453
0.85325,0.4483212651766634,0.6951201132797951
0.853375,0.26318845831318877,0.09358591617289125
0.8535,0.09437731340657582,-0.3873344713242017
0.853625,-0.047226943147556905,-0.1899763738212571
0.85375,-0.2913057196353617,0.3373812663811776
0.853875,0.15703375252487006,0.3234908216167396
0.854,0.4945394310466979,0.16333991160558517
0.854125,-0.0036768940782989754,0.10448422002817609
0.85425,-0.5633749016732809,-0.20835229016829276
0.854375,-0.3010059255762717,-0.4016172459144897
0.8545,-0.014043700150023982,0.18542148846494455
0.854625,0.17495780586627943,0.45899018778202577
0.85475,0.1378816415915356,-0.10833325080216355
0.854875,0.10670993286779107,-0.5413495446624531
0.855,-0.12608524581555075,-0.21970750502289046
0.855125,-0.16122883610845964,0.23814453609053357
0.85525,0.25508112633104624,0.3798687834948861
0.855375,0.4789459568013161,0.15344377312619953
0.8555,0.09683550664429476,0.07041245525294793
0.855625,-0.5000432863732073,-0.1722229997271612
0.85575,-0.4378254254814376,-0.4893810173905117
0.855875,0.09278890547876674,0.08612904222720878
0.856,0.22704711591574273,0.6097534950687699
0.856125,-0.11744021684640012,-0.05001842932897924
0.85625,0.0828039721133391,-0.31621179726162363
0.856375,0.02381749725195928,-0.3764902967160915
0.8565,-0.3671668065027215,0.09907197979772306
0.856625,-0.193979060873599,0.117265496119036
0.85675,0.2639407265505774,-0.010752780505077152
0.856875,0.07561179948824873,0.11459550657223357
0.857,-0.4958840244942876,-0.10299879178964493
0.857125,-0.5327957672703353,-0.2526068353334297
0.85725,0.0036612735062786198,0.21948389255646975
0.857375,0.09465512489906386,0.41247228989425366
0.8575,-0.15767697856150442,0.07066975105459596
0.857625,-0.07489051260811151,-0.5897407178529789
0.85775,-0.20255780262218265,-0.45688229432835276
0.857875,-0.4179952269933801,0.1332077433749836
0.858,-0.0603260487702813,0.2637729331167248
0.858125,0.5767185841760221,0.1470416859414423
0.85825,0.28475838396088415,-0.023323152530176992
0.858375,-0.2730219125678634,-0.15726578487522738
0.8585,-0.3216849805976465,-0.41442116367336695
0.858625,0.06432755944298314,-0.25647240122726883
0.85875,0.5298475246303285,0.20422562441483283
0.858875,-0.04399130313046149,0.1773120039717785
0.859,-0.23078105960382875,-0.5041389655865507
0.859125,-0.2066204955039631,-0.46160241484354525
0.85925,-0.19241250825824016,0.02378907383710019
0.859375,0.06083862131192168,0.02724197683340882
0.8595,0.48318454461096133,-0.10862266337135258
0.859625,0.5267392279958631,-0.12971956793086178
0.85975,-0.15017815857928604,-0.13829287193046577
0.859875,-0.3847661852395634,-0.34091923362422777
0.86,-0.2153589233477895,-0.1978654775330237
0.860125,0.361686191503001,0.40917245433981003
0.86025,0.21263451135944442,0.37948644038441465
0.860375,-0.10612911122397833,-0.25063809193283115
0.8605,0.15610910852462817,-0.26538023000397987
0.860625,0.0035736552046188863,0.2354145847111567
0.86075,0.014060674683274212,0.43343373322133766
0.860875,0.37449044181307817,0.09232719430398349
0.861,0.5092122783895414,-0.1181649684584213
0.861125,-0.18588487764238673,-0.0892754645659355
0.86125,-0.4766924284987183,-0.09727486568389665
0.861375,0.10600211697444818,0.13598399392443306
0.8615,0.6829783090520866,0.3364168580390506
0.861625,0.2543871214271121,0.5665561653624015
0.86175,-0.11922215031654562,-0.04886392118779724
0.861875,-0.19825876588244054,-0.5138820409738314
0.862,-0.33801685817649063,0.03373110978908214
0.862125,-0.3105032777498389,0.356509741082109
0.86225,0.1398307480243991,0.11926775780869786
0.862375,0.23588571387653035,-0.014355360080809983
0.8625,-0.03226656804314364,0.05782790026123496
0.862625,-0.3882604270796832,-0.11476314776815845
0.86275,0.08329151386252988,0.06611535786533056
0.862875,0.5912730016690323,0.38861255665518446
0.863,0.37549808199294377,0.5103318262800358
0.863125,-0.25904404505066303,-0.05998900729567127
0.86325,-0.3817970147855856,-0.3007281475421993
0.863375,-0.044058726419109635,0.15037796126518743
0.8635,-0.13093679842060868,0.594982877114661
0.863625,0.23312518973388097,0.30725877136257607
0.86375,0.22769101600148464,-0.18750547633733752
0.863875,-0.2762095105719597,-0.2326190642697198
0.864,-0.505184472399174,-0.1489034275898213
0.864125,0.0015998639886831193,-0.20186919260101593
0.86425,0.29258647993206954,0.1455363979935104
0.864375,0.16916100820714935,0.22863109524766267
0.8645,-0.41573910861320085,-0.06605663072703466
0.864625,-0.21478971882785744,-0.44703445686316173
0.86475,0.07238847036771583,0.22325502562800084
0.864875,0.13545164239171073,0.5129606260166607
0.865,0.04270391135627758,0.39406978141923804
0.865125,-0.11689210791553102,-0.23716062755516715
0.86525,-0.5018731616400182,-0.26807856369878075
0.865375,-0.7970805108226783,-0.1210968444854978
0.8655,-0.2857387648356604,0.05197268670224411
0.865625,0.3772866639953022,0.20714143223228537
0.86575,0.3846676033823293,0.16480106258101856
0.865875,-0.2118606699707644,-0.3047948364845703
0.866,-0.5643442773256764,-0.4420539057616933
0.866125,-0.14308444072779766,-0.17902695869695068
0.86625,-0.11706982052892051,0.22437000063499646
0.866375,0.09495102447234016,0.08570683965436604
0.8665,-0.010297644705467453,-0.49937522095828096
0.866625,-0.19873495336487915,-0.24272980038203867
0.86675,-0.5105871338821704,0.09076026967031568
0.866875,-0.20955369487055236,0.13466377466801618
0.867,0.520371825248297,0.06608535220127229
0.867125,0.5677684794700197,-0.06406998257194134
0.86725,-0.08826207100812114,-0.45571138082090784
0.867375,-0.06943667787539808,-0.796929516970145
0.8675,0.2055300974378332,-0.29922330510752265
0.867625,0.17102452741402227,0.4133198185905376
0.86775,0.3286389361815634,0.21129314461634
0.867875,0.6564754907387257,-0.17780345343582896
0.868,0.03722436941693229,-0.34712368193495774
0.868125,-0.1549266558257021,-0.1215349555648389
0.86825,0.21424552380434597,-0.003006602333436018
0.868375,0.7049706123326707,0.0549673293819987
0.8685,0.5640677838551627,-0.03023584124658865
0.868625,-0.3049287495862847,-0.2846424637725467
0.86875,-0.42647571443359994,-0.5780904775563048
0.868875,0.06334326538431041,-0.19221765060065127
0.869,0.1797294094274214,0.4953361962187618
0.869125,0.24171775560170952,0.5033699289978463
0.86925,0.12708824851681697,-0.05453150499230296
0.869375,0.00030264056266831533,-0.19845168239711827
0.8695,-0.27187147922049537,0.20385512672465703
0.869625,-0.37963390326545754,0.20403037976657806
0.86975,0.18338908244679805,0.3510185614757722
0.869875,0.42597917346177444,0.37662189254044115
0.87,-0.1326825007113008,0.2094496072976755
0.870125,-0.4555758000735881,-0.07990464212319748
0.87025,-0.08331956654987716,0.24913467811803944
0.870375,0.05924774809078474,0.6767019162779988
0.8705,0.02517789085583498,0.436369268551717
0.870625,0.08176312266538072,-0.1514184142040058
0.87075,0.12776322793568684,-0.5166058504147191
0.870875,-0.29253626440879404,0.07162149617220842
0.871,-0.28468130831067695,0.4009235773430214
0.871125,0.3504143501003243,0.21368960285127123
0.87125,0.585638964806896,-0.031628462537495836
0.871375,0.09689391136307106,-0.11303868871210176
0.8715,-0.4031040741204777,-0.23394859144899616
0.871625,-0.07023459118409146,-0.385560417812979
0.87175,0.3666894625436866,0.21039954510430223
0.871875,0.2758684567464681,0.4440135998669712
0.872,0.14249036585783853,-0.1813759893419226
0.872125,-0.02118233206128411,-0.35505953407215424
0.87225,-0.47783951821625137,-0.01797914732010385
0.872375,-0.5254109663331951,-0.007626480738150086
0.8725,0.13949833225792593,-0.012657479377006947
0.872625,0.23906995488377994,0.09731330988664616
0.87275,-0.19029901955525402,0.07290273540054927
0.872875,-0.4268977104550733,-0.41658554218461935
0.873,-0.06383960249826229,-0.23148667779745158
0.873125,0.4472123676186428,0.33243797626245114
0.87325,0.34929780114281694,0.5231903821353747
0.873375,0.05838157623656933,-0.027519392717761066
0.8735,-0.04809663731789256,-0.39737372530901854
0.873625,-0.7479155142698273,-0.04967041249783307
0.87375,-0.7073140883475075,0.21850575404602435
0.873875,-0.03794060637792553,0.22025052228508554
0.874,0.3645561677516094,0.14170359254802337
0.874125,-0.1779761430582257,-0.009062268955017551
0.87425,-0.6041511630650614,-0.23206473070226188
0.874375,-0.31000400265315525,-0.3999757545909508
0.8745,0.10465997858892347,0.05377492066973136
0.874625,0.21973483217023437,0.2708073615435205
0.87475,0.048528626248020255,-0.18931672175900174
0.874875,-0.0350847621341414,-0.32586216920927813
0.875,-0.07219366974370421,0.019713595184302952
0.875125,-0.18894409361789224,0.24345197067658603
0.87525,0.029282600736294136,0.29416225350014386
0.875375,0.39696171515328926,0.0019766313749441213
0.8755,0.10700776951901492,-0.26340118847827076
0.875625,-0.4349911734899472,-0.5694158917569155
0.87575,-0.06570422280783925,-0.635137304393333
0.875875,0.2812938928708683,-0.05370158159859517
0.876,0.54275240825963,0.38820405462608654
0.876125,0.21060250470690062,-0.2437931357333325
0.87625,0.021030637047308096,-0.6263376380234608
0.876375,0.055544315757048844,-0.2859120611367932
0.8765,-0.3974129270566961,0.15794739230103175
0.876625,-0.1636441379633803,0.3126174949783839
0.87675,0.43794239947288494,-0.005887930959716284
0.876875,0.12894991573534856,-0.0914286441035225
0.877,-0.3816230336134734,-0.027932642838185015
0.877125,-0.2182424213471456,-0.03273450303282512
0.87725,0.15485354380361893,0.13949366554422593
0.877375,0.3413566699533777,0.21192328784975423
0.8775,0.18947715475448268,0.0907992072774605
0.877625,0.10970450491431932,-0.3334175390772635
0.87775,-0.1786472507874266,-0.14952970174880614
0.877875,0.0327635312601439,0.4462768544663841
0.878,0.3187389308808429,0.4209533287624632
0.878125,0.7712554496274139,0.2463340903160007
0.87825,0.40995337573229684,0.1911105408265188
0.878375,-0.2033524423700458,0.2275156979207088
0.8785,-0.4453269350195748,-0.41307606347722675
0.878625,0.12006978677269159,-0.050889831982711395
0.87875,0.17247119178805,0.34060056529661
0.878875,0.10746014054780785,0.18515772401466868
0.879,-0.13243554944756147,-0.19198584200898583
0.879125,-0.1809826290544652,-0.18943401459206458
0.87925,-0.05948256800295781,0.2131470550832827
0.879375,-0.010276247567079382,0.30982059742101475
0.8795,0.43370590415675453,0.1241537807025137
0.879625,0.22915863420930596,0.11842758279932378
0.87975,-0.36755109280905335,-0.07155439088752469
0.879875,-0.5574957110118346,-0.12344274238544582
0.88,-0.003199338668208005,0.2522881957574892
0.880125,0.4041138039425891,0.5389022581560198
0.88025,-0.13001155226880293,0.38098951848802015
0.880375,-0.09585051227304098,-0.26553393157338623
0.8805,-0.04819324409473951,-0.49313804673220835
0.880625,-0.2250405856616413,0.04152086403574039
0.88075,-0.1386403693947604,0.22057868762105085
0.880875,0.14109384943555295,0.08925524950112314
0.881,-0.0017640756522117652,0.02537926517663366
0.881125,-0.4720915621867155,0.031674111169034694
0.88125,-0.7135203524146063,-0.1427330034340226
0.881375,-0.004123325786155977,0.002733237693049776
0.8815,0.35847390258232165,0.2830575539023943
0.881625,0.0792191715012483,0.2471222816664266
0.88175,-0.41541292619603654,-0.42936866400762247
0.881875,-0.36449571976230266,-0.5160753032887209
0.882,-0.2850051089216662,0.09766915041005704
0.882125,0.02478944387309938,0.22006423711071138
0.88225,0.03807823153926533,-0.11820933475964457
0.882375,0.09884648190068236,-0.01963081076120285
0.8825,-0.3145881905349375,-0.0690226951429216
0.882625,-0.5943744034906009,-0.20708681030238166
0.88275,-0.1126127489764707,-0.016983429721510134
0.882875,0.5071666152460312,0.2420274590652873
0.883,0.1106269056125782,0.14537060786361317
0.883125,-0.35567454951047506,-0.429259146289539
0.88325,-0.3421143462608695,-0.6348973190798426
0.883375,0.18630396264311683,-0.031121528653551722
0.8835,0.3617357019451708,0.3919954811401911
0.883625,0.44578344281455407,0.03997358177224977
0.88375,0.28442493090814386,-0.2557620843021084
0.883875,-0.08454446455193353,-0.36224237335741377
0.884,-0.3944291273535755,-0.1583861889855741
0.884125,0.2429402374034874,0.05460696033210254
0.88425,0.6654140343733462,0.19965600814482282
0.884375,0.18016294707108624,0.05552029561009135
0.8845,-0.10389452759464653,-0.17553342283545256
0.884625,-0.2761514415214748,-0.621669782752098
0.88475,0.14031804674436454,-0.05309518070445139
0.884875,0.33140555931759536,0.5198913585384771
0.885,0.27913549501138935,0.16705323034040123
0.885125,0.17893455198940306,-0.2415589286795726
0.88525,-0.4210830331708621,-0.1513306089116714
0.885375,-0.5116946919276404,0.026788709299504103
0.8855,0.020426530933167805,0.4404325271281662
0.885625,0.6101378399377433,0.29128681745198753
0.88575,0.29114817688802963,0.1283453168690575
0.885875,-0.1689229458553023,-0.2034315817875345
0.886,-0.28806139316492047,-0.10130358497552838
0.886125,-0.13406801569797888,0.16172594248676847
0.88625,0.1314690247772285,0.5486317488830434
0.886375,0.20922491101651494,0.3024629688068417
0.8865,0.25519549811338316,-0.16504043187591855
0.886625,-0.12987508556972127,-0.1788339422238927
0.88675,-0.4787478908126949,0.1461685066851248
0.886875,-0.1369704063061893,0.2667667301997669
0.887,0.4761729675939601,0.47065213096305075
0.887125,0.3460854958762322,0.26694894374807054
0.88725,-0.15060263041654764,-0.1990473350895757
0.887375,-0.3349493143140202,-0.4081228136414587
0.8875,-0.19486460815704873,0.007177257750458144
0.887625,-0.07577543367409775,0.49653026170527437
0.88775,0.11140492598009778,0.47193324609037046
0.887875,0.2093253066314459,-0.1614814957535679
0.888,-0.21381325232468332,-0.22482304192690486
0.888125,-0.6717187617668806,-0.13457200582306328
0.88825,-0.34898789177785183,-0.08901827291503299
0.888375,0.30931629759600604,0.23368945550711495
0.8885,0.3360436778298591,0.38387581338417537
0.888625,-0.039511197643891605,-0.21421300730497486
0.88875,-0.1324933042309722,-0.4734568096791402
0.888875,0.0331468311622969,0.056422201152591736
0.889,0.0994065538014045,0.37017591679204004
0.889125,0.02432148472176653,0.2377331013123386
0.88925,0.4127929537491577,-0.19197853396910333
0.889375,0.24100969336929182,-0.2971014329097276
0.8895,-0.10418003495639705,-0.0474743658472337
0.889625,-0.2668174064469331,-0.017085135747500087
0.88975,-0.029749221793489298,-0.011353369655874168
0.889875,0.29077806492650826,0.16226864898843096
0.89,-0.07771422660374064,-0.12955273612302767
0.890125,-0.22979786613697514,-0.46150687899005266
0.89025,-0.18883017439585612,-0.17676694119842973
0.890375,0.006570695533411502,0.3113869706997308
0.8905,-0.06059670593077649,0.43870654265529324
0.890625,-0.07499581419557226,-0.12567286893321644
0.89075,-0.34517388175008046,-0.19600807097633682
0.890875,-0.8375244589612592,0.11151245348009681
0.891,-0.627309210471721,0.030601117082487826
0.891125,0.013182238617834153,0.21096089550908595
0.89125,0.3127899220279026,0.2995458323729638
0.891375,-0.07883194813832996,0.344076600756892
0.8915,-0.6204279672762991,-0.33132238746301346
0.891625,-0.2489325840638563,-0.34596327025956103
0.89175,0.4138233192783149,0.015306000590863846
0.891875,0.361159205206475,0.22642753318058126
0.892,0.3290957796542637,-0.0024255046103918185
0.892125,0.31187751241155326,-0.3000566782870095
0.89225,-0.3157109514255886,-0.30807786413825233
0.892375,-0.21823766426195595,-0.013019058140168883
0.8925,0.25335243583421785,0.039281386754955974
0.892625,0.7672350050986285,-0.16430009868948203
0.89275,0.37974380999862467,-0.4069425707083285
0.892875,-0.24234637361969671,-0.7367856980010653
0.893,-0.16178718916328327,-0.40714101667204583
0.893125,0.22580925214591063,0.07066128003707829
0.89325,0.36707095418999675,0.3055915420818366
0.893375,0.0949034302998234,-0.09615789018414765
0.8935,0.018848548016283873,-0.47314878441957875
0.893625,0.011076494171602572,-0.2084923653981917
0.89375,-0.002240946326260043,0.2557736016208118
0.893875,0.22620555593997965,0.42391204604937477
0.894,0.6182821313631839,0.28096503499153597
0.894125,0.36282361854087064,0.14173422050743872
0.89425,-0.3200529019979184,-0.1445521906283527
0.894375,-0.1828903058206597,-0.1396752584417803
0.8945,0.2146617119342892,0.29125673485812
0.894625,0.22460084013075726,0.646841188963528
0.89475,0.18053317781208844,0.12288852638794617
0.894875,-0.014073233405110472,-0.5009992645988443
0.895,-0.12139596240415676,-0.12358990616115303
0.895125,-0.2793480791680756,0.21652236385478568
0.89525,0.2696930291734765,0.3675296770259374
0.895375,0.5673725451899816,0.14975220606988981
0.8955,0.02590575747366102,0.17664575737633917
0.895625,-0.4285376628747014,-0.25059108968846067
0.89575,-0.3102634615126324,-0.28911620907449126
0.895875,0.3892373406988112,0.21034723501764183
0.896,0.47115005986284214,0.5955236164775547
0.896125,0.10017294288035626,0.34898634986965277
0.89625,0.20152245683749173,-0.15629396954427915
0.896375,-0.2659209154706408,-0.18253203123922182
0.8965,-0.3316994121908388,0.3810982855451259
0.896625,0.10378736829516129,0.11478303393530725
0.89675,0.5260183334201393,0.1354399043401759
0.896875,0.08957125189742159,-0.20601519503577945
0.897,-0.2228095077874635,-0.2946378300792879
0.897125,-0.5828093761573535,-0.15967925981518813
0.89725,0.2529526463893048,0.1605829571429074
0.897375,0.20693583695227397,0.3085388276542858
0.8975,-0.11291745306083172,-0.012420597183408698
0.897625,-0.21166657170244757,-0.3997652351232439
0.89775,-0.3264078748622698,-0.21545679918915078
0.897875,-0.45394973356567586,0.364232156684067
0.898,-0.20502425655839582,0.3110364119171609
0.898125,0.06937743090618637,0.17204973229832266
0.89825,0.10697756986558599,0.10043437731119961
0.898375,-0.2888718252655056,-0.19587244372316265
0.8985,-0.40948069933563847,-0.32933232318762157
0.898625,-0.21495338212987272,-0.018453527778131123
0.89875,-0.12972743230484968,0.3049433617980893
0.898875,-0.4753108546570663,0.21903155693547724
0.899,-0.41361126725449326,-0.4260123719908184
0.899125,-0.24524908044662774,-0.3062490736568758
0.89925,-0.31806967672330105,-0.015150634390993437
0.899375,0.008554796491148734,0.1474013024115715
0.8995,0.3921749465345077,-0.08089539020354841
0.899625,0.3651918524677988,-0.3036999038695431
0.89975,-0.22917129066523603,-0.3191494468100124
0.899875,-0.41981917038740285,-0.2917085256368161
0.9,0.058855090291991256,0.03396418963705118
0.900125,0.40896978156867814,0.17066586228802016
0.90025,0.33819633584962755,0.006530475914449915
0.900375,0.07795961632435952,-0.24943037605453594
0.9005,0.1454389709389748,-0.3426868803093097
0.900625,-0.03199132083649206,-0.2629675454984023
0.90075,0.18658944591736853,-0.1424439889103541
0.900875,0.46621034106647014,-0.3835651505188251
0.901,0.40375948556583235,-0.45460154818150444
0.901125,0.11581980023510514,-0.19312859671861118
0.90125,-0.3926287100549518,-0.1362497492763331
0.901375,0.12786123475719854,-0.1279806550513903
0.9015,0.4726815990627097,0.41793822692011706
0.901625,0.09569214868637692,0.4738723997351125
0.90175,-0.11185009209639236,-0.1960484839966334
0.901875,-0.09540018430395102,-0.17590228224907226
0.902,0.14159930039946603,0.049661019824877986
0.902125,0.2096233316771263,0.22079819885447274
0.90225,0.3361647463850307,0.14218200253213717
0.902375,0.18528745620574097,-0.1385035751777451
0.9025,-0.28408767264255075,-0.037883313742497274
0.902625,-0.29540987959772524,-0.10666128925441824
0.90275,0.09251058510140306,0.1902118410964726
0.902875,0.37094512328967283,0.3339011787171288
0.903,-0.05069256345950707,0.3679635760266445
0.903125,-0.16480908455309667,0.0491112275915384
0.90325,-0.2359976887533384,-0.10652977556445221
0.903375,0.11747344421602601,0.23644580967800266
0.9035,0.24110077347824999,0.49784122778027057
0.903625,0.3044560841968662,0.21227320767145236
0.90375,0.09163393886830193,-0.02123941978048101
0.903875,-0.15153661757212428,-0.07574630385744055
0.904,-0.4576045302113675,0.06102793900256478
0.904125,-0.05431340860959179,0.23632917545314927
0.90425,0.49138696671747395,0.18592464762558678
0.904375,0.14514215097622674,0.09859255826526905
0.9045,-0.34993835054630146,-0.08446692629760946
0.904625,-0.2768414493300698,-0.5382893298419898
0.90475,-0.29924924954908433,0.06916595559959493
0.904875,-0.1933061379838891,0.4061919505361006
0.905,0.1870460227830294,0.02297501431376302
0.905125,0.15865275223224679,-0.36768911926335834
0.90525,-0.09669377729078782,-0.1615466123651522
0.905375,-0.6317634768030616,0.20799527153797978
0.9055,-0.20858135289055188,0.14086655429218378
0.905625,0.26555063917629235,0.18141130194435762
0.90575,0.39917060019477607,0.05783696589507459
0.905875,-0.006032974215535378,-0.13899476779610426
0.906,-0.2123895724946353,-0.2959497087980404
0.906125,-0.06919484473975387,0.028232464779555343
0.90625,0.20532220659950084,0.3626217114507686
0.906375,0.20177709674753477,0.0486185386406283
0.9065,0.12044742650276707,-0.18412192011383005
0.906625,-0.044582650749797,-0.31537900662827223
0.90675,-0.4897832641090126,-0.10830375821849016
0.906875,-0.25657389280041704,-0.26711160901649056
0.907,0.05173928321369466,-0.011357209345538495
0.907125,0.2722454523987366,0.05445525150758138
0.90725,-0.29023744784118144,0.12341599924908066
0.907375,-0.49993248498658244,-0.40442051176355537
0.9075,-0.460671904644834,-0.1099044971769024
0.907625,-0.12006477868643864,0.28475818530300134
0.90775,-0.02593257651565433,0.20562842619827415
0.907875,0.12686936760170955,-0.10252968038304949
0.908,-0.07448767994442045,-0.032447193562638275
0.908125,-0.4040287871832588,0.1573755537147601
0.90825,-0.2991104898246273,0.19818913565768828
0.908375,0.2103248911959507,0.06888002401980522
0.9085,0.5245712867408157,0.005102467979704236
0.908625,-0.04839175987836524,-0.1227389748704767
0.90875,-0.2405670164724621,-0.3882261600049551
0.908875,0.14197697295130765,-0.22692638005973154
0.909,0.2681407968700798,0.10483520330808152
0.909125,0.1641652732991858,0.2437960191877688
0.90925,0.19702428798447774,-0.22750332142369023
0.909375,-0.06651796838873715,-0.40238592025793857
0.9095,-0.18544041407549483,-0.17099190801407302
0.909625,-0.11944065741306444,0.03751483203961537
0.90975,0.5304887015379955,-0.14821100409111898
0.909875,0.46452124815333024,0.07559545043149248
0.91,0.07712201148096154,0.07853855600523055
0.910125,-0.3763572046844625,-0.3730135240884967
0.91025,-0.09604941103957147,-0.35128098730167456
0.910375,0.16690151624507962,0.1179059218777563
0.9105,0.20389079780584538,0.26662058451661064
0.910625,0.3824079640003264,-0.10555849043562464
0.91075,0.11744898127710089,-0.10922685384917175
0.910875,-0.1019591767503922,0.06699171001184705
0.911,-0.1085686168176406,0.2394321220911149
0.911125,0.29036282836764543,0.2301074797008427
0.91125,0.5718293104639096,0.32651021421665943
0.911375,-0.020140884168687864,-0.017911130654153454
0.9115,-0.1985296258841247,-0.2758545496011043
0.911625,-0.16425845280293344,-0.021999179744109965
0.91175,0.06549868861980515,0.3581700712452076
0.911875,0.12960633924025108,0.31440901457612985
0.912,0.08688457863987549,0.06142625219045437
0.912125,0.17048458130324246,-0.3015301624725439
0.91225,-0.12730013491323472,-0.20820282417296085
0.912375,-0.3639909930845235,0.033311624194762204
0.9125,0.1385345739662743,0.14775681372473748
0.912625,0.31757229660576547,0.24023902038196493
0.91275,0.047764501795769285,0.1211149872194557
0.912875,-0.23649382065933328,-0.18567110577157517
0.913,-0.11649606958599926,-0.13844727232893442
0.913125,0.2398309940579786,0.22658135680730207
0.91325,0.14186749636072513,0.5178008807986023
0.913375,-0.00858586335677472,0.03610286149515742
0.9135,-0.33014659088514,-0.5058498837299525
0.913625,-0.30291743323868464,-0.07850633995278467
0.91375,-0.28116495124086505,0.21255336493503355
0.913875,0.2378028237061484,0.12267423691569719
0.914,0.2850655229607355,0.2900616739607612
0.914125,0.031913211105732496,0.07345639902966594
0.91425,-0.420883123968873,-0.02848144578235892
0.914375,-0.1910947328058248,-0.22006673723189743
0.9145,0.1780893266586548,0.16542554825500108
0.914625,0.17291869255253156,0.2490982163926924
0.91475,0.02600601412620304,0.0610921604346017
0.914875,-0.07772962436337472,-0.2854468598890135
0.915,-0.30084293477501656,-0.2677234672158931
0.915125,-0.4744864619395352,0.23019313892330232
0.91525,-0.2054025437623591,0.2225583589087493
0.915375,0.26162766846218644,-0.2633569748999122
0.9155,-0.05949225381251091,-0.15185932122744875
0.915625,-0.5422298660467193,-0.3921383362124441
0.91575,-0.5762844376977637,-0.2180845229353537
0.915875,-0.18787345348321272,0.05850425820572568
0.916,0.2111489575238003,0.49583272191447547
0.916125,0.05545811458415879,-0.06438928866704849
0.91625,-0.18851026251562197,-0.43613941570614634
0.916375,-0.2945515002067738,-0.27990434472625686
0.9165,-0.18431149853344928,-0.048202834699386965
0.916625,0.12128149797114754,0.08850921047494265
0.91675,0.4313419739870884,0.015972881877488087
0.916875,0.35920355960392275,-0.04463450559587964
0.917,0.0009489557471762661,-0.1513054412210199
0.917125,-0.36649718292694056,-0.3577831681342199
0.91725,0.23597608618447447,-0.06392330737016706
0.917375,0.42127457623788395,0.20053818742368867
0.9175,0.1282834273556469,-0.11030417277543211
0.917625,0.2975302689316026,-0.43782585440512606
0.91775,-0.05887739345815261,-0.602373810336637
0.917875,0.024544351023308583,0.14242208401557346
0.918,0.18269672268599976,0.036166720289657235
0.918125,0.5034479007153023,-0.01324036246235037
0.91825,0.45418843123791874,-0.14534666366919932
0.918375,-0.004192287781362767,-0.09863662506443518
0.9185,-0.3748829937557096,-0.19885937177052576
0.918625,0.12570432120432268,0.07167741882618141
0.91875,0.11708515204986047,0.2689744476850695
0.918875,-0.05642070264462825,0.08935929121987754
0.919,-0.13555403836009228,-0.28269481602970126
0.919125,-0.11228545698537137,-0.2918976310272673
0.91925,-0.17137611582378479,0.31065767813606177
0.919375,0.06602523098465915,0.36533670770285975
0.9195,0.34997998629922283,0.17115159459032173
0.919625,0.259940084326349,0.24713682375178114
0.91975,-0.2464085134112482,0.19384149549157573
0.919875,-0.44399048083030873,0.021543032874283642
0.92,0.12962552136647715,0.23633277789210116
0.920125,0.41794481648463555,0.47372209695342943
0.92025,0.1734266064400636,0.27576209446819255
0.920375,-0.09725481813639988,0.030787345176123304
0.9205,0.02486095378919502,-0.23354572829140643
0.920625,-0.012616137318419096,0.043074675661043664
0.92075,0.054784271196282805,-0.003810392542669154
0.920875,0.08910557447254851,0.06839094548172395
0.921,0.10147855561995645,-0.01950212040384218
0.921125,-0.2327336763823757,0.007223697210758277
0.92125,-0.41683912964531594,-0.2369865288222143
0.921375,0.16171997446000638,0.07096198250625735
0.9215,0.3314131829254632,0.3366835205331832
0.921625,0.1045069058855067,0.24794431602598382
0.92175,-0.1494534063967575,-0.2060204131219545
0.921875,-0.04863389040740586,-0.3330948738098023
0.922,0.06947521879938431,-0.07605586251392005
0.922125,0.07446017317522857,0.23329197607670743
0.92225,0.2852562448658343,0.13156936892251878
0.922375,0.20845273859544075,-0.1371108036525398
0.9225,-0.22661076866367733,0.05589375933277743
0.922625,-0.2921083849537472,-0.04815429575090995
0.92275,-0.16680158154953661,-0.08063562715718305
0.922875,0.04137898417448747,0.10794553272460632
0.923,0.048027614829763324,0.06212254027844213
0.923125,-0.11541743217358828,-0.18512967983100415
0.92325,-0.06484315940378363,-0.24589541479385413
0.923375,-0.19849899156099685,-0.11207953225857212
0.9235,-0.36623282061087015,0.05954146847723315
0.923625,-0.13643568107083318,0.05457993287276365
0.92375,-0.16888018826775458,-0.11191550220403187
0.923875,-0.44161752099594137,-0.011917203600769921
0.924,-0.3543705592682287,-0.024747335422288446
0.924125,-0.2653170973220189,0.33734316407205867
0.92425,0.11767572806344583,0.35748655629155024
0.924375,0.053849168129691725,0.19111297359604493
0.9245,-0.13697117970188438,-0.25310796535845176
0.924625,-0.036596964368954515,-0.3161536073545957
0.92475,-0.024012547060255757,-0.13575324619593515
0.924875,0.10208457070874125,0.21197119761876182
0.925,0.45312903097842483,0.12041666403615046
0.925125,0.27915073953741054,-0.1910698355596467
0.92525,0.10753284290166124,-0.11977737587353723
0.925375,-0.1383601508116523,-0.19498650897560205
0.9255,0.0005928979494473241,-0.3197697086008476
0.925625,0.5350126487883192,-0.22368568684617907
0.92575,0.3208975206932135,-0.11977325811537747
0.925875,-0.22054974391072832,-0.26305664123361794
0.926,-0.2847893647005498,-0.37406494131627854
0.926125,0.154167969449142,-0.18569430674097398
0.92625,0.10771519607628234,0.02261162553241067
0.926375,0.009256067388696766,0.08146154904312079
0.9265,0.21654632964337958,-0.1334681345025229
0.926625,0.008141226153473366,-0.10229055240194035
0.92675,-0.3209771618683923,0.128776014285215
0.926875,-0.19733538115948165,0.13672262752096961
0.927,0.41700579985877884,0.24690970351448335
0.927125,0.5441163782350106,0.16492163902179097
0.92725,-0.14348962120050773,0.0832951210956184
0.927375,-0.21229059205029463,-0.21336187869429604
0.9275,-0.03710470332158578,0.026638140538675657
0.927625,0.2638077212864737,0.49931293935876153
0.92775,0.2553518100609896,0.41102202186014875
0.927875,0.14067910486531965,-0.11435941514292627
0.928,0.058986161869906656,-0.08020566334252183
0.928125,-0.5551040325638739,0.033141776252655325
0.92825,-0.2252047395301454,0.12361765434579362
0.928375,0.3552610029774089,0.08298741678953463
0.9285,0.3301032793883219,0.13859342541574746
0.928625,0.04228387326995888,0.10587088723061876
0.92875,-0.20185310225556802,-0.2583484125731239
0.928875,0.05210075210272588,-0.11088370844041327
0.929,0.2612244734754615,0.3528142711557507
0.929125,0.16681823870067577,0.3385885175495625
0.92925,0.035394032303455475,-0.14862516759871736
0.929375,0.14478078433899963,-0.24551166705900815
0.9295,-0.35476009874121023,0.11286992951517129
0.929625,-0.3432823317096404,0.24638286572412071
0.92975,0.1076340291058879,0.256406734814843
0.929875,0.19022605142625734,0.35848379426058075
0.93,-0.025024105295863394,-0.10115418530797278
0.930125,-0.2581053884664912,-0.3473257211631521
0.93025,-0.06954283180730456,-0.1128819612819156
0.930375,0.20833324618824164,0.3536964927459969
0.9305,0.061163472796052366,0.4060718600885779
0.930625,0.1796268216327694,-0.061648730727306256
0.93075,0.10605658235187435,-0.169367571275967
0.930875,-0.24030364427851963,0.07673232727754484
0.931,-0.503198872877392,0.09117532403382342
0.931125,-0.014600941624667093,0.08803184941242252
0.93125,0.019891675002327438,0.191129349616971
0.931375,-0.3512743009451885,-0.049428295415423415
0.9315,-0.5737160211282197,-0.15331485028082642
0.931625,-0.21604107447198148,-0.2589940391831872
0.93175,0.17426641795915165,0.10381576387783302
0.931875,0.24331679285566757,0.1236496260398738
0.932,0.2033571511923328,0.07869318236056692
0.932125,-0.029523957662690087,-0.14157217084345847
0.93225,-0.41307861473473456,-0.0804934619670229
0.932375,-0.47885495989585086,0.2510210032997056
0.9325,-0.1772624798979364,0.18637579318121883
0.932625,0.2536155437458955,0.12154019870172304
0.93275,-0.03589785089233325,0.06558088502975992
0.932875,-0.41455162831001524,-0.22695512974980386
0.933,-0.10699890359979569,-0.1795891731152269
0.933125,0.1266593846622501,0.046853582423911556
0.93325,0.07503878890223137,0.15598477254597218
0.933375,0.22860667609028174,-0.20707856748891038
0.9335,0.11258480091090436,-0.4208334535930996
0.933625,0.050410282181046234,-0.11015305019134294
0.93375,0.11637019857331843,0.09089509233166208
0.933875,0.17563797412305857,0.1479658635481917
0.934,0.45584842340801024,-0.027812420456789885
0.934125,0.2752510782494281,-0.07018276496542673
0.93425,-0.0430845339629914,-0.484457213513658
0.934375,-0.07018112585902446,-0.3476866545901111
0.9345,0.2813935459484595,-0.11296130245336897
0.934625,0.28815974659775156,0.07992746449023203
0.93475,0.21060505240757993,-0.05867562930506443
0.934875,0.011288029416526475,-0.3188846805298168
0.935,-0.3911713281299424,-0.16093508566627446
0.935125,-0.3303369097732249,0.01868512474806173
0.93525,-0.09595176979114765,0.09540862218144984
0.935375,0.4958162425564965,-0.022840752253114015
0.9355,0.38424293131438225,0.1231214951622384
0.935625,-0.35302741825987205,0.12990312676640312
0.93575,-0.24251689777965663,0.11643316664907877
0.935875,-0.06474310051948046,0.20030079607996956
0.936,0.21927964790262322,0.44869895839485147
0.936125,0.02626809777100583,0.145319699189281
0.93625,0.07231897027301175,-0.23467262662473404
0.936375,0.057120337470375086,-0.028368235487073335
0.9365,-0.0211855207205679,0.16916751252276008
0.936625,0.13584386930759293,0.37201521210243044
0.93675,0.7092456138423622,0.35187449458588077
0.936875,0.19311528709676465,0.0846367721050857
0.937,-0.19181096058127492,-0.11929493663736426
0.937125,-0.39624190737387743,-0.28696438619615605
0.93725,-0.13598789082546978,0.05814052086996874
0.937375,0.20006069324065864,0.24642881200389552
0.9375,0.10339011204132031,0.2922987112200509
0.937625,-0.03380045828438426,-0.3101484042997616
0.93775,0.01462673921368932,-0.20371084921919397
0.937875,-0.17610756427602928,0.025958218034495818
0.938,-0.011901767362308762,0.0943622184045504
0.938125,0.33053581069366716,-0.0525993981920434
0.93825,0.13642736037576073,-0.045214214819645944
0.938375,-0.4108256674219834,-0.05541714544531132
0.9385,-0.3467316901133829,-0.032648922042391
0.938625,0.09598287042350821,0.14614784030102293
0.93875,0.21828483380424382,0.5419736030003939
0.938875,-0.05542631066328091,0.21575063876063874
0.939,-0.25380176795979115,-0.2922039000751272
0.939125,-0.2728770963582002,-0.4646057642469048
0.93925,-0.1768745777078598,0.024425488733822366
0.939375,0.014240233909167968,0.15058216933114416
0.9395,0.30605130319873175,0.11223573828474166
0.939625,0.04720288592757983,0.11284643654653677
0.93975,-0.37812434608309703,-0.04768238484819779
0.939875,-0.47824335832144854,-0.15343073469332097
0.94,-0.24014176417612448,-0.05142851907182419
0.940125,0.07218979053645148,0.1872912330132884
0.94025,-0.11731112485772359,0.18934500008853705
0.940375,-0.22808830698761073,-0.2823341626864087
0.9405,-0.1777102879617434,-0.29220133587783204
0.940625,-0.18847099144526122,0.017480854346234514
0.94075,0.020040062473702054,0.193928177750412
0.940875,0.1410332367588744,-0.0027783181774296175
0.941,-0.026445042863483256,-0.383810506781308
0.941125,-0.2773913151896385,-0.2942910045785678
0.94125,-0.444398235782779,-0.20705756460723918
0.941375,0.12673372766972058,0.09418636687023313
0.9415,0.31445201160555775,0.22821621757003321
0.941625,0.18366974183127394,0.19325393984633274
0.94175,-0.28205436853705046,-0.24987636763692936
0.941875,-0.0984089980039458,-0.291014758023362
0.942,0.1639599995824787,-0.10500373676112211
0.942125,0.10026183504202048,0.03297941573173103
0.94225,0.3942411906180179,-0.12550604387533662
0.942375,0.5099613287985347,-0.0722431062071084
0.9425,-0.02023741007491896,-0.24157400812211194
0.942625,-0.23366273342644375,-0.24172081998102293
0.94275,0.069668012009451,-0.011592103102237947
0.942875,0.37983708508975195,0.0350339037956852
0.943,0.33404798158269106,-0.007222272970403825
0.943125,-0.011249911401243469,-0.25322352870169884
0.94325,-0.07443701282754403,-0.28321073668400426
0.943375,0.09324036928624244,-0.12873397505217574
0.9435,-0.04866441332677988,0.263149393263009
0.943625,0.18907099248125,0.13132954658849957
0.94375,0.24324245314104623,-0.1371921111542818
0.943875,-0.05562737914231672,-0.14435103040594224
0.944,-0.34380524605742785,-0.06624931024578068
0.944125,0.04547781276137213,0.17218922930864872
0.94425,0.24666715989844668,0.25057204761288493
0.944375,0.3296697620094326,0.2345490571271789
0.9445,0.08200031016194502,-0.10710836751849769
0.944625,-0.01114525895174804,-0.14914490178550174
0.94475,-0.05526172582583367,-0.02128378738358077
0.944875,0.18449735262006758,0.2267844597769116
0.945,0.36498681317996157,0.24912286477044107
0.945125,0.3411499899022577,0.11475699298443871
0.94525,0.06390267942860363,-0.05212434251448542
0.945375,-0.17479555956468473,-0.13573987248227593
0.9455,-0.16230792550742726,0.061679035058217854
0.945625,0.27266268050636633,0.12244671836667874
0.94575,0.09848992453418524,0.22971293769482728
0.945875,-0.21480357006961096,0.06379439523918418
0.946,-0.14045761105555052,-0.26703680333751806
0.946125,0.05088410572503487,-0.16872758253765524
0.94625,0.12369245019955008,0.18712975881141347
0.946375,0.054837312526672455,0.2259301980468715
0.9465,0.018094846046806758,0.10454414174014164
0.946625,0.06088104757544576,0.013641807317387704
0.94675,-0.08503816972347951,-0.020456851945768906
0.946875,0.03156536341843039,-0.3065425694579002
0.947,0.24238129138740377,0.31326567226111435
0.947125,0.14334952196724113,0.27151777065511545
0.94725,-0.24768454644238064,-0.07753719864159658
0.947375,-0.28575782202154365,-0.3317334560695717
0.9475,-0.12185299124795104,-0.16386103964178134
0.947625,0.0038896773373962214,0.24035848220671063
0.94775,-0.0799090451571351,0.2003110068412863
0.947875,-0.09023244524611233,-0.21641957371329887
0.948,-0.22732576517552253,-0.11941354462487856
0.948125,-0.09840837856820484,-0.044045441642872704
0.94825,-0.007322348095704774,0.0460114180669251
0.948375,0.21501792434496683,0.22865860180677958
0.9485,0.059395211537633184,-0.013564958812437434
0.948625,-0.4459131485675328,-0.1387107072471389
0.94875,-0.41812766777096777,-0.1974702078486228
0.948875,-0.10406880040892572,-0.07310499187376392
0.949,-0.23603505495010238,0.14172615347830467
0.949125,-0.19922574068874693,0.026423600199073072
0.94925,-0.07317345937681335,-0.3133987809966782
0.949375,-0.00991595957885037,-0.3411307056597089
0.9495,-0.24059719632295132,0.05695402754125507
0.949625,-0.09486415952621621,0.033542407662873995
0.94975,0.24049567216487153,0.03241774095122255
0.949875,0.20475554138721538,-0.08154897575345482
0.95,-0.11955506964625723,-0.1977913250344881
0.950125,-0.2125343187305517,-0.11593809830393988
0.95025,0.06781708223148245,-0.07338192060625721
0.950375,0.005514498454029714,0.23825155854959038
0.9505,0.022145171288362662,0.2205666493516911
0.950625,0.23008922829983594,-0.345192456272414
0.95075,0.14549958203023025,-0.4622116741282878
0.950875,-0.2892634751438079,-0.23119367317945677
0.951,0.1257468044349604,-0.0778822365569998
0.951125,0.4560690651935895,-0.13772838414919386
0.95125,0.4805424324741221,-0.08774571484877214
0.951375,0.12476366204592182,-0.15381185216265533
0.9515,-0.11632717930744915,-0.21908132207754935
0.951625,0.05958828075215175,-0.10061262296628955
0.95175,0.38046744935437843,0.17701776060199587
0.951875,0.04982996655985605,0.31170615552794884
0.952,0.3422800031185239,-0.2146579626464345
0.952125,0.24800291296788493,-0.1001832084694562
0.95225,-0.11870264278185597,0.0019281208681842694
0.952375,-0.08321107643936732,0.03669139112341064
0.9525,0.2808018871288541,0.16965162813095847
0.952625,0.37414181189827217,0.23405102764685146
0.95275,-0.023201470235754116,0.15778136829596984
0.952875,-0.1816197518101111,-0.1363250183933243
0.953,-0.10361157325874215,0.014810885013754022
0.953125,0.08913639442893256,0.3829444494747308
0.95325,0.12258653549509402,0.2395791144861427
0.953375,0.24872601483715057,0.049154318011762954
0.9535,0.26144237166416406,-0.2620756049080593
0.953625,-0.1050135549246813,0.07755877922603573
0.95375,-0.08559747942041634,0.22131351398925278
0.953875,0.009852363098658218,0.2230480235314831
0.954,0.1905661791520942,0.1565725859103998
0.954125,-0.18251485425256175,0.12256977008248608
0.95425,-0.3235064568341482,0.09521703633822226
0.954375,0.0053903292411962385,-0.08213533709203337
0.9545,0.13770248602700474,0.029384535934902256
0.954625,0.056638020956196036,0.22848730381133903
0.95475,0.1235970519537535,0.1383693907121938
0.954875,-0.017855098354855957,-0.24684418008130987
0.955,-0.09239890391067461,-0.2547270174278916
0.955125,-0.42082277579463834,0.07933317553333989
0.95525,-0.00868650059265762,0.19757812471415806
0.955375,0.2947719464404045,0.053619128029655204
0.9555,0.053401970355450266,-0.007740039696387831
0.955625,-0.07458534981271471,-0.020591951222454254
0.95575,-0.2728589422000209,-0.06983802452559404
0.955875,0.15621076144685203,-0.003885786702391058
0.956,0.16316876854919726,0.2077970122672703
0.956125,0.20640482612996486,-0.17955256102328096
0.95625,-0.15730602162681998,-0.30440041508682214
0.956375,-0.37741316013691617,-0.11857815217366173
0.9565,-0.19266714751741926,0.19410670930440008
0.956625,-0.21776630903144356,0.10209780788948147
0.95675,-0.08525706388583905,-0.00730778184500188
0.956875,-0.14250266598201902,-0.03533017474800161
0.957,-0.6324097042235803,-0.18679081077969714
0.957125,-0.5515854004800228,-0.21208521925613558
0.95725,-0.15661096508302333,-0.06338423906637183
0.957375,-0.055698400328628536,0.14202039862462312
0.9575,-0.1636619044929263,0.19986176997206095
0.957625,-0.08529826355391713,-0.26696230168734736
0.95775,0.0013507555382953219,-0.03003962362588135
0.957875,-0.1516818650824471,0.09170960778525411
0.958,0.11661848484400152,0.2766933257536622
0.958125,0.21436474798389366,0.13167701666826473
0.95825,0.01746572308902554,-0.14854848021961872
0.958375,-0.33549892954628335,-0.15539970570626244
0.9585,-0.3708850925475753,-0.18884164889911564
0.958625,0.1202632167660847,-0.258071642380617
0.95875,0.4202942903265292,0.04703031859356773
0.958875,0.0760319917009714,-0.26608060726153243
0.959,-0.0531734459280495,-0.38741525706051777
0.959125,-0.1022329754152264,-0.5009000835587091
0.95925,-0.07334345153823603,0.015736503648813776
0.959375,0.12517870642423998,-0.14972618294018178
0.9595,0.5569553427073489,-0.10044006455094205
0.959625,0.3983977058212183,-0.07287100249732036
0.95975,-0.11173068225734192,-0.11132137711656787
0.959875,-0.2741106596642604,-0.0671183355379703
0.96,0.2293791277675916,0.052456747307206154
0.960125,0.271617621357258,0.05961153787933173
0.96025,0.1535104352578116,0.12717951391958962
0.960375,-0.02980244179438868,-0.21798805619548806
0.9605,0.09924584080217641,-0.30289950947311095
0.960625,0.014299454374605683,0.15904798731327258
0.96075,0.09868184339206933,0.377176568423327
0.960875,0.17393201398641053,0.13631257136519714
0.961,0.17120503680012175,0.00556124581387426
0.961125,-0.2550050807439981,-0.09034914940294686
0.96125,-0.20729315032181986,0.09438306240634181
0.961375,-0.01520862350590238,0.20375707712971877
0.9615,0.1306443215155228,0.3599537543535793
0.961625,-0.029663076096480733,0.42161887271718995
0.96175,-0.041188921451588735,0.1298002145115975
0.961875,-0.01823045157064144,-0.1257977363187704
0.962,0.25568353511065656,-0.020472393220382475
0.962125,0.2846780478264301,0.37242388296360984
0.96225,0.32199110203168346,0.22446918303293298
0.962375,0.0852582553867444,-0.11113634571667513
0.9625,-0.14982940827667435,-0.036195209764126546
0.962625,-0.41758972743490197,0.03715238374946171
0.96275,-0.28157739673333126,0.18832155058643082
0.962875,0.25191531567133435,0.12477094867086018
0.963,0.1322198285734612,0.13182060906676754
0.963125,-0.3326638453885116,-0.13260855377314346
0.96325,-0.3286341994245601,-0.17878482024378714
0.963375,-0.17975460998546722,0.0494883718114165
0.9635,-0.1366580023976606,0.19354679810005496
0.963625,0.13885935854933054,-0.013529114623760002
0.96375,0.16448466932365222,-0.06570838748779885
0.963875,-0.02123942683891769,0.1397666697530984
0.964,-0.31568105707714467,0.2624541410980484
0.964125,-0.17219888941362207,0.13093999652860092
0.96425,0.2637412346955735,0.21242268267604247
0.964375,0.18112460090211013,0.002880222403399056
0.9645,-0.43411337458766014,-0.22600042566113218
0.964625,-0.2447016299601311,-0.46055493077524057
0.96475,-0.14759827940349488,-0.2667847432925981
0.964875,0.0313934650597922,0.1522977488400615
0.965,0.08611652761676021,0.06695123590986368
0.965125,0.03840969361515247,-0.19298385102101137
0.96525,-0.24159604644128016,-0.30786505919988083
0.965375,-0.4027767921837893,0.019331526300758208
0.9655,-0.09349481896942989,0.006639707228990765
0.965625,0.22262394420239368,0.17120944287240356
0.96575,-0.21358581324261783,0.304476427920884
0.965875,-0.33441585574169513,0.101231048069168
0.966,-0.5262565079549787,-0.2563849512094639
0.966125,-0.07723330873992353,-0.09537119161787182
0.96625,-0.055735040409580605,0.14540446847486452
0.966375,-0.018137076354216936,0.3792936513802127
0.9665,-0.0011949854549424,-0.23615428791176657
0.966625,-0.1715424836630691,-0.35978376696332043
0.96675,-0.3731840771834458,-0.08361902383707097
0.966875,-0.010173331352753424,0.051405470848871024
0.967,0.6585827142082891,0.11139234379086328
0.967125,0.481789846838034,0.10172673044218106
0.96725,-0.016474672772339872,-0.18335286861341296
0.967375,-0.15794984558177713,-0.14287720226396056
0.9675,0.11348179907184767,-0.043328649423215376
0.967625,0.48928095601297766,0.1582628074013385
0.96775,0.4581289635863082,-0.08193063631961146
0.967875,0.4420512890252391,-0.43425578547829435
0.968,0.1425121133860791,-0.29710540919974127
0.968125,0.004275910749117688,-0.06623156831670232
0.96825,0.2150306482944199,-0.04918476914454063
0.968375,0.5060814239089674,-0.0979922983089154
0.9685,0.2499893855417176,-0.14325667259624447
0.968625,-0.20238575688684432,-0.24705835887339525
0.96875,-0.29766549856501384,-0.2774482711401879
0.968875,-0.006174381638731338,0.06599426153175003
0.969,0.05079944210956092,0.6882882453971209
0.969125,-0.24182560260867356,0.5262049753837913
0.96925,0.0015998926484873729,0.02249706433946265
0.969375,-0.08921875431678632,-0.09557194428502581
0.9695,-0.0607575110066422,0.26588784250108377
0.969625,-0.16767510422654433,0.23918517079125948
0.96975,0.028357546183066695,0.30541828024204404
0.969875,-0.019838307411856698,0.4267691973775236
0.97,-0.12499028243023995,0.13630313343891426
0.970125,-0.1287016292956097,-0.06392859382827128
0.97025,0.18960522700764632,0.020803449587774796
0.970375,0.262446769963028,0.4036033550063185
0.9705,0.21083887498754386,0.19769953764288645
0.970625,0.10796624897571742,-0.32649669195296754
0.97075,0.08861497641734443,-0.3823205934399622
0.970875,0.024117788258575572,0.059315432750741144
0.971,-0.019810405574174118,0.13486821957625972
0.971125,0.3089653868268421,0.000816717234742594
0.97125,0.3979050782830326,0.023376732211011338
0.971375,-0.07529621052397481,0.04885494488844257
0.9715,-0.37762288269892424,-0.06323186024733343
0.971625,-0.061618904633746634,-0.142333176604983
0.97175,0.13802110204171011,-0.0065255939706364095
0.971875,0.05308410282780691,0.14571168930716502
0.972,-0.14924347730573367,-0.20221750597239785
0.972125,-0.03826034835453127,-0.0739221674999063
0.97225,-0.23921397607705705,0.20788394181378464
0.972375,-0.21146376612119158,0.3188372392534742
0.9725,-0.13516089041944093,0.16828035896369556
0.972625,0.1386318165622318,0.24528100629227184
0.97275,-0.04813138082142791,0.059117011943611145
0.972875,-0.3404850169807615,-0.08363942579124846
0.973,0.05020394331578026,0.02457443085679538
0.973125,0.008207863684511684,0.4654262164563329
0.97325,0.03455809697180375,0.18660941676826817
0.973375,-0.19888663520215047,-0.10498648219442419
0.9735,-0.13573686098784835,-0.27673140903503074
0.973625,-0.2962254847689397,-0.1448031476242713
0.97375,-0.44279778388611185,0.06445930293086564
0.973875,0.008461764590505964,0.004408447882162827
0.974,0.34182953109028213,0.027736563951713374
0.974125,-0.03761268916931399,-0.15526624891488608
0.97425,-0.5346213388417967,-0.3483348951330854
0.974375,-0.30792462925152564,-0.2280521184164777
0.9745,-0.10471548719334772,0.09462432084773796
0.974625,-0.13934965624353482,0.24487569973076218
0.97475,-0.17172543437292753,0.03245641446998731
0.974875,-0.10167459193011814,-0.26744833291938264
0.975,-0.3072822697848124,0.15042919530317328
0.975125,-0.08677921119186971,-0.032278628332768865
0.97525,0.1411568779686596,-0.09129691284582706
0.975375,0.6681268205958668,-0.11272444469654236
0.9755,0.5509249934819279,-0.24955334226798503
0.975625,0.028771500096875367,-0.23215153640283315
0.97575,0.01691442081878504,-0.02461522341357637
0.975875,0.29690473421098706,0.03041108157142614
0.976,0.2664070582909429,0.16871787497583804
0.976125,0.0140353039116052,-0.04350112089555724
0.97625,0.14738631055966525,-0.3815547418985773
0.976375,0.07535040950746723,-0.4107589119779925
0.9765,-0.12193711683884668,-0.006121413250052817
0.976625,0.10908315092847504,0.029780137305720537
0.97675,0.45281064323229453,-0.22259161697070634
0.976875,-0.016534977477995167,-0.12094848593621639
0.977,-0.3870954001593993,-0.30556967022616677
0.977125,-0.27513704668828803,-0.25402488347594365
0.97725,0.21003693344178004,0.10462115458326603
0.977375,0.33593136335350876,0.5906172122969057
0.9775,0.10719560587745015,0.411489809571818
0.977625,0.1377353150646288,-0.01986122948762388
0.97775,-0.10751789476096667,-0.20248927448130027
0.977875,-0.00960265586500849,0.17467079367450652
0.978,-0.012613191549689961,0.14274926808179395
0.978125,0.36503892538041965,0.01665323413518338
0.97825,0.011802172828968336,0.04887059902473712
0.978375,-0.16964093928724566,-0.012207864498191336
0.9785,-0.39468526559016437,-0.052962162124813764
0.978625,0.30761221938987293,0.1295840763284347
0.97875,0.5027572773396178,0.3021357179729699
0.978875,0.2657004281413876,0.018115066915324697
0.979,-0.13636318943903686,-0.3601562672716347
0.979125,-0.2836165857148053,-0.22920731933207772
0.97925,-0.029602011113481527,0.22789810689134643
0.979375,-0.12571236746957307,0.23251978030987117
0.9795,0.3529994811856616,0.21995322303745019
0.979625,0.4173315189734627,0.08617402310558735
0.97975,-0.05167474422029059,-0.024208230701281974
0.979875,-0.18137761666737304,0.05640588201384042
0.98,0.06601422577519128,-0.08913552181414192
0.980125,0.19980401302621914,0.16528586972633266
0.98025,-0.030944005642744372,0.24094643259963006
0.980375,-0.08388506896356615,-0.24312068731895756
0.9805,0.004587694141919114,-0.10116680231805876
0.980625,-0.02234278954300331,0.43222013766238276
0.98075,-0.09151221696365137,0.24763357958034762
0.980875,-0.10159679478433889,0.08846469418879291
0.981,-0.1554829000751205,-0.02537260915177282
0.981125,-0.4214515731808584,-0.04578475149573322
0.98125,-0.4083843448365809,-0.09136799099133029
0.981375,-0.215202755965131,-0.09390549360654397
0.9815,0.26845998428610046,0.3559380813313861
0.981625,0.028620780340862583,0.2724299663767704
0.98175,-0.40132358434906734,-0.0377428967438273
0.981875,-0.31314330954809777,-0.26142306942432914
0.982,-0.3508116586363137,0.08033727718969158
0.982125,-0.044013515362026405,0.21225791294022037
0.98225,0.11114526622326866,-0.003877978960071817
0.982375,0.1676224875582329,-0.06539920697951793
0.9825,-0.455334983106582,-0.11569524431147779
0.982625,-0.4239756236718967,-0.1008951629208843
0.98275,0.04071647662473687,0.0675934383709846
0.982875,0.4242085520402568,-0.1250278831097145
0.983,0.3232144269231735,-0.26467909262933814
0.983125,-0.17881521559742258,-0.4816738511296107
0.98325,-0.3537901849048291,-0.5215264289596366
0.983375,-0.12078588070028205,-0.03515090876469725
0.9835,0.1747540739223679,0.18117340922570266
0.983625,0.5075544599598074,0.05861291557357265
0.98375,0.306601693524666,-0.2871977224169025
0.983875,-0.11319914468776401,-0.23647352111306483
0.984,-0.3409555083990758,-0.13830778325285015
0.984125,-0.08101442922636835,0.007459063271083097
0.98425,0.41719036864475073,0.25504232618232553
0.984375,0.25995773453732396,-0.08686870270391629
0.9845,-0.17012976725896892,-0.4837393570475678
0.984625,0.11710593300755187,-0.3643109597489751
0.98475,0.3637334119067357,0.10387890680158103
0.984875,0.2568981048410687,0.2752931141002311
0.985,0.12941006002228864,0.262847178971295
0.985125,0.06132359858724021,-0.17520766742440508
0.98525,-0.1548032294835846,-0.19747090715352442
0.985375,-0.30688897566786427,-0.033740781638442546
0.9855,0.03683689466727104,0.3398205296280729
0.985625,0.4446274835717403,0.40733534431788776
0.98575,0.3132439373482465,0.3235639051774514
0.985875,0.06043306072330335,-0.08121194225877307
0.986,-0.062004912820755126,-0.4539296603271774
0.986125,0.165009887740778,-0.057282638588777586
0.98625,-0.05775753028894341,0.2612833270458126
0.986375,0.2605772126608957,0.09667252582596926
0.9865,0.40425095425707325,-0.08783423146493782
0.986625,0.049698365172678456,0.1394050726496377
0.98675,-0.5240677519057357,0.31241988095655604
0.986875,-0.1698003008064612,0.12869128897170518
0.987,0.2963160236635283,0.1588839070459045
0.987125,0.3528220366642708,0.08520469520551778
0.98725,0.013549662387851517,-0.11796727062467244
0.987375,-0.12278721831949335,-0.3378528056229067
0.9875,0.023017671188319593,0.16698947929429522
0.987625,0.05326004986082135,0.2903212117521836
0.98775,-0.08319220398701636,0.18825339478646336
0.987875,0.1289759678813501,0.03227265203887985
0.988,0.21024817079693073,-0.10974962202289437
0.988125,-0.3489409913115875,0.0029124886262837653
0.98825,-0.27941028411156643,0.10583549992501967
0.988375,0.12599101376477093,0.17140008437135465
0.9885,0.022559112427707157,0.33119273926151493
0.988625,-0.17867309583599064,0.022713960083837675
0.98875,-0.22737111649630715,-0.3557285069651462
0.988875,0.12425063141107795,-0.3176811376191824
0.989,0.4119531358954038,0.21109890279349094
0.989125,0.15298761103298705,0.3889924896571641
0.98925,0.0721380585347528,0.10123367268387115
0.989375,-0.30280033203497664,-0.1727279616819077
0.9895,-0.4729557136488869,-0.05439690557982441
0.989625,-0.35941289278111305,-0.019317211740316653
0.98975,0.1264350934531153,-0.08427266250890586
0.989875,0.4906163733597559,-0.03308327987006166
0.99,-0.11562012782244087,0.2456207836209476
0.990125,-0.1967666820895838,-0.1682649266946266
0.99025,-0.17312697049061418,-0.0829502377099837
0.990375,0.014622707696022974,0.12001604126677592
0.9905,0.14047019083606968,-0.13348213250456167
0.990625,-0.08393779653009885,-0.2206401921859772
0.99075,-0.3859541656231882,-0.2869066035148271
0.990875,-0.48985453821055414,0.09165111473517747
0.991,-0.6547378542587924,0.11404268607749128
0.991125,0.12435253388858039,0.3460175861370761
0.99125,0.3051411191346029,0.07454735978516827
0.991375,-0.08550693409347468,-0.12436170793970115
0.9915,-0.5108695233047618,-0.38350666596323574
0.991625,-0.17539035530653946,-0.3033976928590582
0.99175,0.20574768027391568,0.11333242880192351
0.991875,0.4086574712846599,0.2712102781551601
0.992,0.23902611899530474,-0.08324915172041256
0.992125,-0.028857997456261348,-0.3163610825068363
0.99225,0.07163515411392811,-0.37764959598771497
0.992375,-0.02896077732986998,0.13579457449624355
0.9925,0.191837844989445,0.26863211220298105
0.992625,0.21713844382995676,0.0812482049672996
0.99275,0.023642964811115684,-0.2594106797075871
0.992875,-0.0835927114349202,-0.6304175698719464
0.993,-0.13407372327558933,-0.4696173086143243
0.993125,0.358322151810788,0.05057400611276627
0.99325,0.2755443559132856,0.08429508520633537
0.993375,0.17435067236304008,-0.13107268212498266
0.9935,0.07320097380273756,-0.43625228457786247
0.993625,-0.029830916584994198,-0.2342504752806879
0.99375,-0.18947992604122996,0.09070886385532463
0.993875,0.2151522994580453,0.27284537515804996
0.994,0.5032601923577651,0.2329823552389885
0.994125,0.10085131189670361,0.044324002986925154
0.99425,-0.3289204345197834,-0.06600976538983416
0.994375,-0.18464471157616463,-0.005908770888349911
0.9945,0.2138967365635124,0.06260646706106326
0.994625,0.2715172833360866,0.33333049989229774
0.99475,0.11166928144789989,0.040244898091886444
0.994875,0.016019558138704842,-0.3389925216954665
0.995,-0.0036510216991352575,0.17312389733794062
0.995125,0.05245272173783995,0.23306644802729484
0.99525,0.16220035143470973,0.08793659192557726
0.995375,0.3875162436202508,0.10101636573291646
0.9955,0.13868765065830727,0.0601293065080995
0.995625,-0.589192298648248,0.06821800042590014
0.99575,-0.10578539229525241,-0.2634681412654643
0.995875,0.2578393170391332,0.20959200212552032
0.996,0.18105328877404642,0.2755671124954243
0.996125,-0.0931987844218062,0.13202704832412507
0.99625,-0.034595541119287844,-0.049889708435698746
0.996375,-0.10149505926815588,-0.0727963827855676
0.9965,-0.33841782190084574,0.07088823967591937
0.996625,-0.14854049565447058,0.21194158997355855
0.99675,0.23696910898003692,0.26080235363780924
0.996875,-0.008252512006325844,0.19585567188934275
0.997,-0.26372354635291584,0.08550336704590585
0.997125,-0.33545081710897656,0.05152269755049321
0.99725,0.21262236619404787,0.09260693079759229
0.997375,0.352898444532509,0.3467734827331217
0.9975,-0.05925846685235662,0.11246132413276713
0.997625,-0.2701408416091138,-0.2905912270552127
0.99775,-0.39455334630086986,-0.21308241931065344
0.997875,-0.21039929085050646,0.3316484765874727
0.998,0.0207367991375611,0.24553199346333734
0.998125,0.42325797708310786,-0.10892002840891155
0.99825,0.28920998983072127,-0.03644412918490552
0.998375,-0.511144445276521,-0.19208173339314677
0.9985,-0.6791916597656099,-0.23073575202264066
0.998625,-0.14630457989780887,-0.24599586194440257
0.99875,0.17095968330360733,0.3014065734939145
0.998875,-0.05176732504059527,0.22499362322602146
0.999,-0.20172034727233826,-0.41412244821679434
0.999125,-0.4318242816223001,-0.21792515837653248
0.99925,-0.21574096176142873,0.267122381611035
0.999375,-0.01039764916462764,0.21754693611665676
0.9995,0.16005552489646663,-0.03246730859339952
0.999625,-0.2473818444636351,-0.20096310442663623
0.99975,-0.705626489238327,-0.41305618876083533
0.999875,-0.4286713889955569,-0.29974559452439137
1.0,0.31566393260107034,-0.08535749858405058
1.000125,0.5956878508478287,0.22492278851461145
1.00025,0.3598244879667048,-0.004752863809876422
1.000375,0.04153095168223742,-0.3830898752007686
1.0005,0.017946021087146657,-0.5739977923331223
1.000625,0.16716962595619753,0.08522177678788265
1.00075,0.2738129697864136,0.26963609107987185
1.000875,0.5301151504469707,-0.04013727011080341
1.001,0.5318106540499502,-0.39791437628123905
1.001125,-0.04832592191581746,-0.18369705345933193
1.00125,-0.19892763308523792,-0.11491069523223255
1.001375,0.13478695440213176,-0.03174541886876915
1.0015,0.5150359572702771,0.2443812063151269
1.001625,0.30919126114795337,-0.07065566606598508
1.00175,-0.21716160397712217,-0.544212831212932
1.001875,-0.14871023648191625,-0.2483932497389673
1.002,0.06619841565650426,0.1403560278031638
1.002125,0.09725815891253771,0.5253400796442041
1.00225,0.3419883810000226,0.23642335885657545
1.002375,0.2406764756784869,-0.07747593905419863
1.0025,-0.109843365695929,0.047787005701010014
1.002625,-0.3792302592883925,0.0313335641209757
1.00275,0.02028719465020225,0.1268632401891863
1.002875,0.3922749468666713,0.5555331701369047
1.003,0.12390626157025712,0.4167395116087071
1.003125,-0.20635684075331248,-0.028373754793193533
1.00325,-0.27449764792325565,-0.21201722227447006
1.003375,-0.07392379894984329,0.11610066747798035
1.0035,0.01034965984721008,0.524959924555024
1.003625,0.2956401291208798,0.26847647375015854
1.00375,0.39374047562096015,-0.09283804770657549
1.003875,-0.17582029320950693,-0.3439774234580071
1.004,-0.4645994440765516,-0.009241898414032062
1.004125,0.03297529538481483,0.11131875842576988
1.00425,0.3902763579838185,0.32546052387557833
1.004375,0.09248837749480239,0.1321532813508603
1.0045,-0.21939483576571944,-0.16914794808522013
1.004625,-0.31735387490979,-0.3524051766328078
1.00475,-0.12830793385649755,0.1084482074262126
1.004875,-0.0625741781517775,0.2771818735970671
1.005,0.21755463153925392,0.15296561263987138
1.005125,0.07940932270276213,-0.26573115590126023
1.00525,0.02862076431575099,-0.1290484700859068
1.005375,-0.33267173910877534,-0.08244882656461244
1.0055,-0.01117606326661712,-0.01745818383412046
1.005625,0.449633010238128,0.3212340796018294
1.00575,0.19188731206573853,0.2978153497419508
1.005875,-0.24956402686711185,-0.0035332359241720345
1.006,-0.21543944877395796,-0.4047860526955368
1.006125,0.06625090749553486,0.05936502415458701
1.00625,0.07143822096154581,0.26582362604149534
1.006375,0.0849411898924123,0.13315416241850483
1.0065,-0.04068376435852085,-0.21922743955744073
1.006625,-0.3292471691722236,-0.27106847465676037
1.00675,-0.6020602790653742,-0.03163595852015486
1.006875,-0.3651587929675324,-0.02171844117893081
1.007,0.15600750262255442,0.14452188579374528
1.007125,-0.016540614086482,0.17047216254217387
1.00725,-0.34120152358899036,-0.14673254756008589
1.007375,-0.4252003901242415,-0.2485671853257037
1.0075,-0.1560484401048077,-0.04947906157608812
1.007625,0.3033270298936221,0.4330516594368433
1.00775,-0.00030752505379420244,0.3677761417391537
1.007875,0.011942559190324501,-0.13906722778961927
1.008,-0.04578103744799426,-0.30064288843093134
1.008125,-0.5306292194802728,-0.03286587507954591
1.00825,-0.40669717058720334,0.17445888729141562
1.008375,0.21972651344971722,0.04432322934805366
1.0085,0.27747610023209945,0.06219058424622967
1.008625,-0.02453494261054587,-0.2786688408509141
1.00875,-0.30076728177062595,-0.6013785125264032
1.008875,0.24746281161736272,-0.35769980557475783
1.009,0.605026145536579,0.11168202940006434
1.009125,0.5864853644618365,0.027668557814987615
1.00925,0.3935817894054872,-0.49970529134582
1.009375,0.09288412671989967,-0.44664437537516904
1.0095,0.000422258593549193,0.029638757735909994
1.009625,0.15935048739752664,0.036321053503842286
1.00975,0.5385346083985538,-0.05299694105378593
1.009875,0.7834536906215835,0.12683180308235076
1.01,-0.14470486084011402,-0.12072481341692466
1.010125,-0.5175066183073611,-0.42368192755636824
1.01025,-0.07618357117769613,-0.3113043293550837
1.010375,0.1904709348498375,0.41429746706560866
1.0105,0.16403501460327224,0.14003186897133674
1.010625,0.013621343481821624,-0.02793157780541511
1.01075,-0.26602500016527725,-0.12880464383894172
1.010875,-0.53871174621635,0.31083252786396354
1.011,-0.4817173958821324,0.5232556388716023
1.011125,0.017881679270922508,0.34269067307653994
1.01125,0.2482496662594822,0.2633235293917201
1.011375,-0.02503241089761242,0.27842491359074634
1.0115,-0.33664237444992023,-0.052665286702146374
1.011625,-0.02500760109866369,-0.07229466366141643
1.01175,0.2626030792664852,0.4188649563115063
1.011875,0.11646942514758682,0.552046745431275
1.012,0.041457728080947595,-0.06988059687205862
1.012125,0.35211604069380753,-0.21827885208339035
1.01225,-0.03206145231810598,-0.09965063488725756
1.012375,0.03841659406928547,0.13512551780772772
1.0125,0.40567117720928747,0.0840930992853165
1.012625,0.5359840188368793,0.08988738492984574
1.01275,-0.15411624236010463,-0.13337851241740814
1.012875,-0.5086761222990648,-0.44671317030451857
1.013,-0.3484123026202769,-0.34385346204413386
1.013125,0.0707980356192093,0.2038262845165429
1.01325,0.10174090783780589,0.22260484439474687
1.013375,0.07181665315382658,-0.1254847536873201
1.0135,-0.001783170413820794,-0.2373593805726182
1.013625,-0.4135319764982178,-0.006090398882404928
1.01375,-0.24660091845479423,0.17202217088399566
1.013875,0.1794441433372726,0.2621784281815213
1.014,0.5224960561839497,0.21423881348312224
1.014125,-0.027762579496305208,0.19884226543295078
1.01425,-0.4340429047972589,-0.0999905361965861
1.014375,-0.25104509556600435,-0.00386115912475262
1.0145,0.34419343418485626,0.3822301002475242
1.014625,0.2522272280425188,0.4556773125876501
1.01475,-0.031433556258437745,0.0447801686381864
1.014875,-0.24691819660298406,-0.4053272568519527
1.015,-0.3545479066224342,-0.386035540875889
1.015125,-0.48046058563966926,0.15406117491481228
1.01525,5.8788586075863764e-05,0.09511244597610655
1.015375,0.4428348156815547,0.003034781136330719
1.0155,-0.2224358621999403,-0.0203305301665613
1.015625,-0.7091707496933991,-0.24425445930159329
1.01575,-0.666776587215294,-0.3094367120598512
1.015875,0.10752738014573943,0.10974349115654108
1.016,0.2767228440090798,0.354015338139791
1.016125,0.09478912369932722,0.09798534082326914
1.01625,-0.16010225603979034,-0.30521690032410476
1.016375,-0.13945966430810755,-0.20154796529756072
1.0165,-0.3107429621480888,0.23057927384040694
1.016625,0.030174993471220095,0.2905099975102135
1.01675,0.4000549461635122,-0.17587158696909788
1.016875,0.2775166404662083,-0.18659553421232897
1.017,-0.3015705981436698,-0.3289703055334125
1.017125,-0.19013661262184162,-0.40080919227989137
1.01725,0.5547518030908397,-0.14750735508512322
1.017375,0.5343066751915447,0.28894863488365036
1.0175,0.3495352153602166,-0.1680351492955079
1.017625,0.18199921761653995,-0.650389046175542
1.01775,-0.07391901271353488,-0.536325628545792
1.017875,-0.1879205550193681,0.09713137567099096
1.018,0.1209670775425318,0.28644558012434207
1.018125,0.4047499660276938,0.06986866307427203
1.01825,0.08500507847359655,-0.038653753510237754
1.018375,-0.4017018211368279,-0.18702137134499913
1.0185,-0.47734726360495233,-0.3010203520550356
1.018625,0.33204399756333747,0.1207879876817156
1.01875,0.5959876074892533,0.533836837435462
1.018875,0.08670265436265356,0.2612125518060662
1.019,-0.2944776611171483,-0.36219086722122174
1.019125,-0.0830830718420916,-0.05971174960659953
1.01925,-0.16093162827662214,0.4531014205358675
1.019375,-0.031821754690924554,0.4728631223343459
1.0195,0.28903915475955605,0.19243242198781654
1.019625,0.34131394485289157,0.14959259625865245
1.01975,-0.36483129110180845,-0.2345580971524196
1.019875,-0.27992403596287774,-0.08764346943809759
1.02,0.3666987704760587,0.09324254899276571
1.020125,0.41759611074623776,0.46298364015148613
1.02025,0.06691276359787132,0.029704031976610572
1.020375,-0.029949846329120115,-0.245191467802838
1.0205,0.10642775709685155,-0.3541817041204975
1.020625,-0.06737416314568674,0.27617151530915746
1.02075,0.10350386112228963,0.5448900260160505
1.020875,0.43222835070038756,0.23163033842634784
1.021,0.25411129662745563,-0.19524960397500046
1.021125,-0.2533094283886911,-0.12702239179285538
1.02125,-0.46524384021732496,-0.12443815249562466
1.021375,-0.08508468809324038,-0.10590023899055727
1.0215,0.44200010153735336,0.23308913561460687
1.021625,0.2579064734405992,0.18978038289791427
1.02175,-0.20359262802452824,-0.28605008358553424
1.021875,-0.014620716786986418,-0.3024827962025596
1.022,-0.042183137078699105,0.2900454508843636
1.022125,0.061165553650386284,0.4022051406902116
1.02225,0.003691364269707289,0.12612187457129068
1.022375,0.1523085343810191,-0.09255357576860919
1.0225,-0.2875855140968781,-0.07788427025216554
1.022625,-0.7068059263407717,-0.01735914125443397
1.02275,-0.09155867576101669,-0.03079902754971325
1.022875,0.6981074096908482,0.2611948218911472
1.023,0.14501909432604423,0.19631980698439047
1.023125,-0.33955771768957765,-0.27727063066683577
1.02325,-0.20317554562215512,-0.46382342548415006
1.023375,-0.0574385424134813,-0.08376434472647346
1.0235,-0.12060818073853201,0.37208204531130507
1.023625,0.029261725880896712,0.0909943468405378
1.02375,0.07246614713264574,-0.16765326290866206
1.023875,-0.38586408553951934,-0.12253789394795539
1.024,-0.6465372764323526,-0.18289118065247878
1.024125,-0.12586868981032293,-0.18059921226178313
1.02425,0.2665685421458298,0.14691794559361643
1.024375,0.12901182930503313,0.056055595809992254
1.0245,-0.19996629001243843,-0.23174450267393773
1.024625,-0.5193565908915587,-0.6028304582563209
1.02475,-0.3089121158824203,-0.029847690861309523
1.024875,-0.043266131667027176,0.5816925443147377
1.025,0.10818263037850023,0.19800337200018447
1.025125,0.16086065283839457,-0.42232568742444276
1.02525,-0.14540188879871205,-0.206000595180427
1.025375,-0.42174329163088675,-0.12335605116563975
1.0255,0.14276062182400254,-0.1526531772168436
1.025625,0.71518079416979,0.0855288816884455
1.02575,0.5195408466203627,0.02718508171233328
1.025875,0.15990903615145982,-0.31026086021599336
1.026,-0.2633401880504497,-0.5327238358828713
1.026125,0.006670183290886005,-0.236666496016673
1.02625,0.1369257691199682,0.3507439141762987
1.026375,0.2818088750991142,0.24307525694284557
1.0265,0.2275136636197896,-0.14409221908808992
1.026625,-0.2222653269295166,-0.38589640286593857
1.02675,-0.27314283196909384,-0.15459983023259988
1.026875,-0.18876452116549122,-0.01169001369394737
1.027,0.5427598244347082,0.1092892967041846
1.027125,0.41324192076005173,0.2696210052926271
1.02725,-0.1176296645443061,-0.0166950732107878
1.027375,-0.3455528047297211,-0.5400572105418205
1.0275,-0.08019578103225254,0.15137847566882162
1.027625,0.04218355648747644,0.4228068147596898
1.02775,0.13431120498977395,0.5023790155529468
1.027875,0.17339578254706658,-0.1409970598883623
1.028,-0.0757585154403081,-0.03837415963756845
1.028125,-0.3504326394798658,0.04318815150006536
1.02825,-0.07102540716772843,0.24109531044279126
1.028375,0.2879184006916055,0.2969396120864286
1.0285,0.512913919767477,0.2961061712220758
1.028625,-0.22538012270033184,-0.1479630801288193
1.02875,-0.5239369909915914,-0.3843915007510566
1.028875,-0.2155843740290578,-0.14003785056581508
1.029,0.13748351829336805,0.6502026855752936
1.029125,0.35063685464683925,0.4540407319135841
1.02925,0.5078483245758512,-0.1554883408734048
1.029375,0.13566987499371852,-0.2576481945755529
1.0295,-0.6201854674642698,-0.04322027478372257
1.029625,-0.6705864596523772,0.19667967569066783
1.02975,0.19046937514693232,0.10727785239064681
1.029875,0.207066773475375,0.2525141564097672
1.03,0.04513422887147296,0.09214839420591736
1.030125,-0.2771941287863092,-0.4391083372912308
1.03025,-0.12205956328917328,-0.3319054963189634
1.030375,0.11266876149844629,0.46218472260022925
1.0305,0.16900813067945034,0.4857224445147946
1.030625,0.13078740021377502,-0.1744066078206776
1.03075,0.06283781967481171,-0.5557098875044604
1.030875,-0.14416511767662823,-0.22848815210443943
1.031,-0.2178311021366236,0.1382838579196726
1.031125,0.26710560907059566,0.44450545327490515
1.03125,0.7452254368616812,0.5244245255355237
1.031375,0.05878560123157498,0.0747316068654148
1.0315,-0.6469017574619311,-0.5553329655042202
1.031625,-0.4842804192164035,-0.6532005143481455
1.03175,-0.22070393386595785,0.13849535910648555
1.031875,-0.04427471544364736,0.2675998420797918
1.032,0.20488893768422686,-0.1889594594918398
1.032125,0.10089662316128417,-0.4646175109490362
1.03225,-0.10126210195833817,-0.15716551015005328
1.032375,-0.6065788451674984,0.23843320109641905
1.0325,0.04383045459330981,0.22939558283567613
1.032625,0.5181569362210723,0.10628071629000124
1.03275,-0.2095730138793113,-0.02120301190928042
1.032875,-0.9018909417876543,-0.17654052556213923
1.033,-0.4824989137362706,-0.2165415480887017
1.033125,0.009152067958548067,0.41450320681865904
1.03325,0.23564476739483278,0.732785993771815
1.033375,-0.01923604197000442,0.06215135204353212
1.0335,-0.021737663911385315,-0.466621054529392
1.033625,-0.2593143415801712,-0.47803744020356514
1.03375,-0.35116106159546095,-0.10102625737235144
1.033875,0.28270654410387486,-0.05623080448447335
1.034,0.8381981113672452,0.04828679806242516
1.034125,0.20829674787835512,-0.024952553622121926
1.03425,-0.2699493581643002,-0.08945560994120524
1.034375,0.03515763466968185,-0.2742417955553393
1.0345,0.582301823702218,0.23755754274229782
1.034625,0.4342561111027457,0.4173836881487852
1.03475,0.23442641822561308,-0.1601610486841183
1.034875,0.1799141460492264,-0.6124984229706735
1.035,0.2288385988175407,-0.18474095711608676
1.035125,-0.1383949714858612,-0.008544820725232345
1.03525,0.16604192897626455,0.057829032514311325
1.035375,0.502565639246138,-0.1277233356809112
1.0355,0.33938723761972367,-0.11363416376533181
1.035625,-0.26029227907196,-0.3774589390944344
1.03575,-0.22603484984010797,-0.5419687013148834
1.035875,0.33403330480331683,0.18550654848685147
1.036,0.17024076163306992,0.5765606393103324
1.036125,0.013140881252468695,0.32689010267097923
1.03625,-0.006403796562474776,-0.40818924451524136
1.036375,-0.13813737300681195,-0.08040797550482041
1.0365,-0.046025564526254205,0.19007293456889293
1.036625,0.26783797737483517,0.597254263930474
1.03675,0.7266430250972636,0.2132519337809738
1.036875,0.08667125194493873,0.1811675851486128
1.037,-0.7694812936665898,-0.0861512447863779
1.037125,-0.47558071019487164,-0.17037067807983267
1.03725,0.1326988006735492,0.09957191344938925
1.037375,0.5676567962110477,0.45060071492040715
1.0375,0.05643709825729247,0.426414596019286
1.037625,-0.19742809670402378,-0.20659673916998336
1.03775,-0.2682183038042553,-0.2441815249006825
1.037875,-0.2930605346522257,0.4675727882849533
1.038,0.0717847598122246,0.31752665178169737
1.038125,0.33424024598786567,-0.012300057281357699
1.03825,0.2836918438426034,-0.2667647161825172
1.038375,-0.43681694301119645,-0.2967476095973391
1.0385,-0.416454890849156,-0.11030471541730986
1.038625,0.11777297901650909,0.29477980965864314
1.03875,0.494677340969727,0.5197868081571018
1.038875,0.08813404085143763,0.18037539259732
1.039,-0.3101763528128056,-0.518634857149088
1.039125,-0.47285390261128346,-0.3999083618161305
1.03925,-0.0071701811837651805,0.10043010619673327
1.039375,0.13578122103041376,0.3829044217915055
1.0395,0.49935019572437467,0.3092143490297157
1.039625,0.37607343973773305,-0.23696786147750035
1.03975,-0.5665971650896255,-0.3170673664946455
1.039875,-0.6934620248550507,-0.2566580813285344
1.04,0.039918554958402123,-0.120689825202744
1.040125,0.13063268281555004,0.40372659722440224
1.04025,-0.11740183345180574,0.19286412858034122
1.040375,-0.2608479543556545,-0.32272456218232703
1.0405,-0.43395672487848314,-0.37680656713401045
1.040625,-0.15385433734714857,0.16849744858694035
1.04075,-0.18846980303340619,0.5326870940844779
1.040875,0.21457851688158278,-0.0027343964987277154
1.041,-0.03532432735470742,-0.2885370644421814
1.041125,-0.428535510197141,-0.3053421208817293
1.04125,-0.6888243237636485,-0.17380880444781296
1.041375,0.07765296987592933,0.1478234525935312
1.0415,0.4281721275913113,0.46390969718016717
1.041625,0.28730075833694474,0.2872026211729865
1.04175,-0.14914027265747665,-0.3994053474238004
1.041875,-0.10894450027925563,-0.5343162006341499
1.042,0.036026904489092314,-0.15534910805527438
1.042125,0.04592978061743823,0.16316957770153762
1.04225,0.5286950667968696,-0.0439490733754329
1.042375,0.5348258863196075,-0.3771530951790266
1.0425,-0.20220933385547385,-0.3768152748612497
1.042625,-0.5427695016878172,-0.0971485553524927
1.04275,-0.022091494927252955,-0.190441071257565
1.042875,0.538241065650742,0.1341474567612652
1.043,0.21093879698996154,-0.06735805011932335
1.043125,-0.1481973997134294,-0.5855683322287176
1.04325,-0.09723909469277865,-0.5663413586165678
1.043375,0.07729947653259656,0.1331837107016998
1.0435,-0.05551745151890964,0.5720953541546738
1.043625,0.24574554395781395,0.15225462693008895
1.04375,0.5404065625813781,-0.06442283048723443
1.043875,-0.07242446685680828,0.013263475208993653
1.044,-0.3024296951800759,-0.019674632590523225
1.044125,-0.027855266614975588,0.0009219658753518152
1.04425,0.5505916935935774,0.3220503534293319
1.044375,0.30299738670440995,0.3738494223694604
1.0445,-0.19729778092276679,-0.09567939695962337
1.044625,-0.37276266217942683,-0.4544262601461075
1.04475,-0.14069998820449817,-0.0357805501442724
1.044875,0.01161630395620662,0.7126673484577327
1.045,0.4467791662523716,0.24393671304524223
1.045125,0.15942195763283187,-0.08609091706739479
1.04525,-0.05567439368129423,-0.08022041526327418
1.045375,-0.3511321699776775,0.020390563238259607
1.0455,0.04179226335507492,0.02957712395926634
1.045625,0.7419812658599673,0.11627335519179505
1.04575,0.40467095553474774,0.44228195652838903
1.045875,-0.2620854397574648,-0.0409338369109443
1.046,-0.3928798341644232,-0.3657581117152908
1.046125,-0.1357632757326979,-0.04140785951940405
1.04625,-0.1829011917403873,0.6079535306418897
1.046375,0.08173379873841007,0.32688385796237407
1.0465,0.19844823681006143,-0.027338889570115838
1.046625,-0.17887023008196082,-0.25538924754120534
1.04675,-0.5069784051084202,-0.2645878341740057
1.046875,-0.2858134799456314,-0.08716076266328303
1.047,0.3607854463449564,0.2748127789009218
1.047125,0.27448400649416504,0.36694256968362465
1.04725,-0.33293108834979335,0.03379346522338282
1.047375,-0.6073291397904214,-0.35068264195033905
1.0475,0.06782566136622954,0.05478358452636822
1.047625,0.17365976161995783,0.525047682744422
1.04775,0.12146384273068621,0.3826312467652986
1.047875,0.3372351551599684,-0.39393004139975085
1.048,-0.10021606068300157,-0.37894275097565067
1.048125,-0.46142731871876,-0.2697083985105041
1.04825,-0.18733384700393538,-0.05406376408754996
1.048375,0.40118472452780635,-0.05354485787617355
1.0485,0.4592661781534815,0.1113584683396262
1.048625,-0.447458102661504,-0.008137328359211177
1.04875,-0.4204320884748287,-0.35877409808238714
1.048875,-0.1304715218409199,-0.2220595967604026
1.049,0.08253806244321585,0.21670906103322732
1.049125,-0.024706004383923178,0.10941416740607272
1.04925,0.21344868962154803,-0.5116831525981819
1.049375,-0.15825106490196103,-0.3836758860001226
1.0495,-0.4126537187752322,-0.10863580150885345
1.049625,-0.3353159730665416,0.06406489181402329
1.04975,0.080243703563612,0.20032654273371958
1.049875,0.3839071399026174,0.3173233681892293
1.05,-0.24887558362901602,-0.005021638917536453
1.050125,-0.4242011752187059,-0.39466686505447973
1.05025,-0.08028292726866249,-0.37184710752373057
1.050375,0.1771480194598384,0.21851012607048728
1.0505,0.3052352866104143,0.36693997472486434
1.050625,0.22781691948508895,-0.4147312364700922
1.05075,0.14611943588354195,-0.3767607902571142
1.050875,-0.04806874988481712,-0.0023695258718406955
1.051,-0.13930879058901136,-0.017821515941714033
1.051125,0.5501379147684275,0.1498920903667657
1.05125,0.4895224959970816,-0.15536013155633085
1.051375,0.13745874520427673,-0.27262574561366065
1.0515,-0.04873736129255628,-0.49239963847648555
1.051625,0.4059333087499144,-0.39749129091916924
1.05175,0.4081643135463398,0.2038756335416547
1.051875,0.24054601887368146,0.23574372880381836
1.052,0.09856248461975502,-0.3003658341809641
1.052125,0.010097771876798563,-0.14231543217094814
1.05225,-0.3006613435171778,0.17964712784760542
1.052375,-0.49441113012915494,0.1898261844828615
1.0525,0.10892211237495822,0.29276540189965544
1.052625,0.2938955317637209,0.10699265188363784
1.05275,-0.08649366879645778,0.22020208607947753
1.052875,-0.4564663747304405,-0.20679434034133307
1.053,-0.28783862264415566,-0.06535024034068558
1.053125,0.16040340286594656,0.2911940329560251
1.05325,0.21158559266816626,0.4574669506127545
1.053375,0.022805239583606203,0.1584732853906141
1.0535,0.11601943624529751,-0.08094729297303131
1.053625,-0.20936836874818845,0.2813159232142633
1.05375,-0.19093333005744215,0.4146489525991227
1.053875,0.22736102084803955,0.24983471875752344
1.054,0.6128760089432612,0.19573540854694776
1.054125,0.22327056123361805,0.00740205422336628
1.05425,-0.4544781107277345,-0.1720620292882546
1.054375,-0.4104409653670211,-0.29718080271556746
1.0545,0.23260009199575754,0.12772452642194992
1.054625,0.38541026965467573,0.41170601692642295
1.05475,0.06469454115521017,0.04597956686727765
1.054875,-0.01327137046481494,-0.5046893635761919
1.055,-0.2377768105081145,-0.24661742810284715
1.055125,-0.287139228962377,0.17972545084072603
1.05525,0.23074088122311995,0.19390363823801682
1.055375,0.5889988794925647,0.11755563106689514
1.0555,0.17999644131958667,0.02102410082605856
1.055625,-0.5706956332235111,0.0410148971709094
1.05575,-0.6070586722752367,-0.15635247713573475
1.055875,0.1708366838336348,0.29577965668039635
1.056,0.5246165718226488,0.5617779829479412
1.056125,0.10562362703823631,0.09531886490186312
1.05625,-0.3892840162100036,-0.5002035784989677
1.056375,-0.42581611761629845,-0.5302270139547275
1.0565,-0.602617952183432,0.1508159168938207
1.056625,-0.2175331532534896,0.28630056351282906
1.05675,0.30023452130263806,0.126963311569822
1.056875,-0.0650484889452661,-0.06704033160011194
1.057,-0.5769124229204643,-0.2751349833497633
1.057125,-0.5472706305374464,-0.3377992087373532
1.05725,0.02353624785996233,0.15526587537333755
1.057375,0.19193647440848682,0.5400172608397499
1.0575,-0.017228614852174324,0.31871607548129144
1.057625,-0.1313031934431444,-0.6803923788107895
1.05775,-0.19096147172659803,-0.33481920315971586
1.057875,-0.26748680282833076,0.20672799463911454
1.058,-0.11679835336509306,0.3553603638286452
1.058125,0.17130081309813727,0.049926714401575714
1.05825,0.2675970342824398,-0.23504012587835454
1.058375,-0.4866471618045757,-0.27524158145345773
1.0585,-0.45742454324122583,-0.4344337243164686
1.058625,0.23257302237063776,-0.29649611300610984
1.05875,0.6044764437840917,0.16577570050606638
1.058875,0.06134316491009487,-0.048630452368490146
1.059,0.011128083870154641,-0.5522032068961742
1.059125,-0.06890461782952916,-0.42202132722344926
1.05925,0.11041706723722047,0.08175873558841826
1.059375,0.3728754379263468,0.26668836726793715
1.0595,0.40987023952346513,-0.08942745536295714
1.059625,0.4128476919106613,-0.06272732486297865
1.05975,-0.21348897058650113,-0.273506716959195
1.059875,-0.1731550684083177,-0.1986479457972494
1.06,0.6088602483905239,-0.17939863647599033
1.060125,0.8487700098672586,0.27421758579855887
1.06025,0.3185451235252932,0.22088479601082328
1.060375,-0.264086732792474,-0.3202777491222682
1.0605,-0.4255270173213274,-0.47563929233258895
1.060625,-0.3035170865726871,0.2895063169563447
1.06075,-0.015451656204246699,0.40774032800470605
1.060875,0.5168643646570497,0.17338499673202779
1.061,0.19944075545457082,0.006056971985770194
1.061125,-0.5882602835786157,0.1610966860070337
1.06125,-0.5400510738131052,0.09064951331045878
1.061375,-0.08395039163414955,0.35338931380443706
1.0615,0.564346313562191,0.495051544682874
1.061625,0.07992298074682713,0.35599260227482343
1.06175,-0.26857010471959025,-0.3509456394847784
1.061875,-0.014981644537934475,-0.122788438526927
1.062,0.2988610459849094,0.5391511901884976
1.062125,0.15744307683568598,0.8182694775425676
1.06225,0.3451914124962667,0.20888030472980443
1.062375,0.3697858154383071,-0.2291815144035211
1.0625,-0.11518863675218952,-0.494813051798544
1.062625,-0.7476721140623626,-0.24143966810890136
1.06275,-0.04790446217671779,-0.021065311191912166
1.062875,0.4376693605920841,0.536390648717696
1.063,0.22468442186501356,0.360934194463314
1.063125,-0.17532248418519242,-0.40213156167978203
1.06325,-0.15899843296202998,-0.6737174388914526
1.063375,-0.0714593850415936,-0.0950813788272299
1.0635,-0.005144662662222457,0.41061906226970285
1.063625,0.2798802988567354,0.07486166797185374
1.06375,0.23045273176892608,-0.36007295859388294
1.063875,-0.2256472888352145,-0.02981867517350269
1.064,-0.6483466596938395,0.049170588428162
1.064125,-0.19793847811738682,0.1307370610848723
1.06425,0.4450207117910774,0.20233331393067455
1.064375,0.11772981701019032,0.2984276449920726
1.0645,-0.026919165926658547,-0.3102804096566447
1.064625,-0.23536619657496582,-0.6940944936121101
1.06475,-0.20197180775001655,-0.19427739696946097
1.064875,-0.15543777109345414,0.38067853431882726
1.065,0.10280074132862771,0.08102422545982235
1.065125,0.42418727726264466,-0.08703875736891127
1.06525,0.03302475881686645,-0.20788149200091727
1.065375,-0.7611946552316662,-0.15415827279383001
1.0655,-0.33941578755206914,-0.03830893297296329
1.065625,0.31964637156245945,0.3210793414765626
1.06575,0.20328965389897066,0.23304866754010653
1.065875,-0.3769326568702595,-0.12680867168709165
1.066,-0.596507699704303,-0.675567635246468
1.066125,-0.2321130134216057,-0.21715159783122498
1.06625,-0.15583478039405552,0.34957088188805274
1.066375,0.012745012037268908,0.2605313211688992
1.0665,0.18924953799901933,-0.01139914294673425
1.066625,-0.001610580679264624,-0.22867730196958277
1.06675,-0.30863181257153666,-0.2220027885333548
1.066875,-0.12191040271066916,-0.20251360274717803
1.067,0.7338219093634707,0.05118265059853887
1.067125,0.7294179444829414,0.3107353576089048
1.06725,-0.048867290020069634,0.017288744707694807
1.067375,-0.37397973667960277,-0.5951522180981602
1.0675,-0.06839069250377408,-0.23408599617029613
1.067625,0.28885439305742133,0.31870656407645825
1.06775,0.2337202209335806,0.26272136528481804
1.067875,0.12364199409309914,-0.3743632645703955
1.068,-0.10932891728555957,-0.6285339927390191
1.068125,-0.3734564621136212,-0.21048729046426443
1.06825,-0.006082601456046608,-0.1955617198939797
1.068375,0.49907028314676477,-0.13694821080547154
1.0685,0.3436070332305769,0.0682233343019709
1.068625,-0.31192661365093916,0.03460692201529075
1.06875,-0.07018401681097676,-0.3725804310416209
1.068875,0.35155737039810603,-0.20452243157398878
1.069,0.41971006675521116,0.6400846730350649
1.069125,0.3388294809793117,0.7462716459459235
1.06925,0.20209805240047263,0.010615421853575486
1.069375,-0.052210760254484394,-0.20662573819682964
1.0695,-0.21404595561267745,-0.04954033214366291
1.069625,-0.14847666978060123,0.13699868445597174
1.06975,0.26896975092205727,0.2752757826274555
1.069875,0.3698313999192351,0.3547229342824119
1.07,-0.24606382731478768,-0.03475025300808919
1.070125,-0.44581000491561423,-0.25723595018745704
1.07025,0.0037055631887274224,0.09199012143294208
1.070375,0.31562800299038607,0.364105969196264
1.0705,0.16617895973242652,0.4317829766458123
1.070625,0.039713180916745944,-0.19068437742870928
1.07075,0.019222738920683633,-0.20432507560800536
1.070875,-0.3844270166947302,0.1658945479470017
1.071,-0.2792024432719757,0.34826456953856655
1.071125,0.404768988429325,0.2539423888079964
1.07125,0.6010913494417746,0.16121457538794162
1.071375,-0.23041125399732415,-0.015233448649274313
1.0715,-0.6349007954554156,-0.4001674643042019
1.071625,-0.2354519981501255,-0.24169716962544122
1.07175,0.33613196071474355,0.29678285690024653
1.071875,0.09606798790461475,0.41954234505332516
1.072,0.0904749713401865,-0.11951276457458808
1.072125,0.01877107601257587,-0.444061696850653
1.07225,-0.17930849146233457,-0.15480409969995745
1.072375,-0.3513173903412465,0.24617907578334722
1.0725,0.18712419049361267,0.15610987617425087
1.072625,0.3148222574643685,0.14646268484957328
1.07275,-0.11479098511340478,0.006744766704068553
1.072875,-0.49162142083657107,-0.3032011625563727
1.073,-0.3671110834586843,-0.17784061321293368
1.073125,0.2369643968321676,0.38451759528036566
1.07325,0.3640388495462668,0.19105115381748158
1.073375,0.17518742930551887,-0.1897403958420289
1.0735,-0.046434401328588996,-0.5917097130662067
1.073625,-0.37797339411599234,-0.10825623910710094
1.07375,-0.3603351471964437,0.315228527772373
1.073875,-0.23623152587680996,0.18424706663566764
1.074,0.20416643794643524,0.1626905377756779
1.074125,0.1643909061802432,0.019907094938997956
1.07425,-0.6463187298842284,-0.24033880800000407
1.074375,-0.37722788862572504,-0.2232595719513604
1.0745,-0.04126940882180755,0.17489941412582047
1.074625,0.23942705194031744,0.2941700778374979
1.07475,0.08474085729869561,-0.0428586443659801
1.074875,-0.06443924301792778,-0.46862317617811894
1.075,-0.1598429395352944,-0.2493255071078398
1.075125,-0.18593724794838992,0.1762948524184095
1.07525,0.14821057376526017,0.20612467040869237
1.075375,0.42650638892933085,0.11646384811310256
1.0755,0.1611986249698672,-0.05737743206925256
1.075625,-0.20581873438524928,-0.33869350575703755
1.07575,-0.05711339459878873,-0.2625845731828543
1.075875,0.6380677614218927,0.02147645231846653
1.076,0.4323810915349668,0.3924134105459481
1.076125,0.2690830698838183,-0.10089006372875114
1.07625,-0.006247834920119722,-0.5399644783585861
1.076375,0.10943419820031729,-0.4094066323567982
1.0765,-0.16399462584148536,-0.10169222032707875
1.076625,0.17579839719615137,0.0004993031374349139
1.07675,0.526618355805997,-0.06562856299701522
1.076875,0.278132359563663,0.07687675566927021
1.077,-0.2849911650886505,-0.22644698744020966
1.077125,-0.379872136274873,-0.2827873128450825
1.07725,0.45385469913027715,0.2477508861279037
1.077375,0.48099309149891445,0.5703579008121122
1.0775,-0.10495040376429442,0.13629228004473676
1.077625,-0.20306466635664575,-0.27778738483128784
1.07775,-0.04990928161994759,-0.17678985830988098
1.077875,-0.16476668247035775,0.5148820467264666
1.078,0.21420983159409313,0.5690647537594634
1.078125,0.6157204270580965,0.15302437252855808
1.07825,0.3061643877122575,0.03470833388000135
1.078375,-0.33025199609533584,0.11077908077633924
1.0785,-0.49604156926103676,-0.1339499711126179
1.078625,0.20422998467330755,0.15410797454832428
1.07875,0.5915054098843348,0.38156914252554425
1.078875,0.057655626108121916,0.25780595543783075
1.079,-0.17385757935676796,-0.28370348683337443
1.079125,0.02892311417783595,-0.17656558342161385
1.07925,-0.22673132370642868,0.2780064653685714
1.079375,-0.09764080048520109,0.24912258690686315
1.0795,0.23474045718086542,-0.0888508855088859
1.079625,0.08339903784758855,0.00595517679728981
1.07975,-0.398892607224509,0.009889901433583013
1.079875,-0.42752148008875085,-0.025498995541571114
1.08,0.02462961570150229,0.1987373653475084
1.080125,0.38120141103890814,0.496025253237816
1.08025,0.053133556401133326,0.32986835591162555
1.080375,-0.00928857666778735,-0.3244247611542821
1.0805,-0.05920073388966613,-0.4607920889736061
1.080625,-0.22457585354656645,0.133675117956798
1.08075,-0.07528464963459679,0.45476873754262964
1.080875,0.23625524546843113,0.017045690969596017
1.081,0.21461738657323767,-0.08813703061659851
1.081125,-0.5207406697280945,-0.1176821820666636
1.08125,-0.7004983934758132,-0.26686684597532734
1.081375,0.10539077155582202,-0.0641338858540757
1.0815,0.4147229962797958,0.33042748662989935
1.081625,0.09858143551264108,0.06921750948753518
1.08175,-0.3707715092888845,-0.2820576582745774
1.081875,-0.4485471604982949,-0.38158054749831166
1.082,-0.2830122860458146,0.032031442372970544
1.082125,-0.22857108412881602,0.1793018520427805
1.08225,0.09041812663878493,0.1362973985637309
1.082375,0.18081647681589894,0.12872631109148155
1.0825,-0.35176014532001304,-0.07863259698939007
1.082625,-0.5416587865986935,-0.12894998724001583
1.08275,-0.06760255161039469,-0.0320146523448588
1.082875,0.2955167967645062,0.2671286332564341
1.083,0.15341929432232151,0.316592655160545
1.083125,-0.301616986675288,-0.31451083135522956
1.08325,-0.189718735311702,-0.5571003030904743
1.083375,0.029500473211188045,-0.12224694997762474
1.0835,0.11595619336990227,0.3096724030027924
1.083625,0.3361249370709011,0.20955205602942795
1.08375,0.24597791847322895,-0.35123493050248916
1.083875,-0.15882126150170994,-0.4487002616576475
1.084,-0.4153180321966387,-0.2643133963601368
1.084125,-0.053400278818642274,-0.014857696389675774
1.08425,0.5571092287969885,0.1265964650193708
1.084375,0.5496384398851535,0.19233726055258152
1.0845,1.9723137281521868e-05,-0.3070563997681726
1.084625,-0.17192985495040364,-0.6437434622781874
1.08475,-0.25044020586952664,-0.18360364804511856
1.084875,0.009330566004664278,0.17976003994498677
1.085,0.24916173018326432,0.12857355110847193
1.085125,0.4368956307316218,-0.11312091888680845
1.08525,0.2262519767284203,-0.040968151066162146
1.085375,-0.17407836633475102,0.050449166324094685
1.0855,0.14937639390739446,0.24030875462721654
1.085625,0.4266906461083865,0.28588701592698146
1.08575,0.26991373065224555,0.4558029326778684
1.085875,-0.05352563545883827,-0.06571619961679726
1.086,-0.18024376305817655,-0.35986901132011506
1.086125,0.017552711512549106,0.027803296517130448
1.08625,0.30015046264550865,0.522729592984347
1.086375,0.3641095092513218,0.37009074559984184
1.0865,0.1633226981751366,0.07282022172363557
1.086625,-0.160919879556306,-0.14783212149012395
1.08675,-0.3919622913201107,-0.31938348266794864
1.086875,-0.2157230813642009,-0.20957728359562436
1.087,0.5290418829191776,0.28066412314146066
1.087125,0.27019122512557064,0.402012893288577
1.08725,-0.16865913723755005,0.060653331300695945
1.087375,-0.31887007302829556,-0.12061854532892387
1.0875,-0.08540093152213409,0.0005801095130036555
1.087625,-0.05571179629138836,0.4100810951326526
1.08775,0.07938661453296245,0.1771016659344007
1.087875,0.2708882433186756,-0.03161232738901219
1.088,-0.09703578997778854,-0.047807026945093374
1.088125,-0.32023014770338315,0.057140675525406144
1.08825,0.011595020265586207,0.14664552477165738
1.088375,0.3424245044800663,0.2589772709254637
1.0885,0.5624432470028552,0.12728224651783035
1.088625,-0.028623878003864105,-0.22440466387246677
1.08875,-0.4520802239284764,-0.5390329479736019
1.088875,-0.26541692646490445,-0.1730250888116125
1.089,0.02171075734073999,0.26194995304773694
1.089125,-0.24271257329187287,0.43425956069929855
1.08925,0.2845094156554818,-0.22354452180558185
1.089375,-0.11987551772630509,-0.3123582595278994
1.0895,-0.5148605465793241,-0.07258665375110876
1.089625,-0.4923972061049553,-0.007604113065524436
1.08975,-0.0001291340587726652,0.12517354029465547
1.089875,0.24077916237650654,0.25243923901112303
1.09,-0.2699300220867359,-0.049790519473482404
1.090125,-0.4792884667526038,-0.30559010984869295
1.09025,-0.14234646388743916,-0.13639248462112066
1.090375,0.20869490629195148,0.3476987443194287
1.0905,-0.29506204168403005,0.4458509949589129
1.090625,0.004596964822872151,-0.22919133037771675
1.09075,0.041569641049059,-0.3364837437897288
1.090875,-0.311747786185466,-0.3028705024060514
1.091,-0.3205670713698792,0.07670609485657122
1.091125,0.10834613419687768,0.06217396040668739
1.09125,0.13818043190522297,0.1293449211637922
1.091375,-0.20988232766621923,-0.17834878574924948
1.0915,-0.33443340969613244,-0.3476462662825022
1.091625,0.026881850789623664,-0.3066176669119168
1.09175,0.30782513118608534,0.037222193037577365
1.091875,0.32035912352669843,0.1353246068335691
1.092,0.15168110981150454,-0.2750022583627734
1.092125,0.19226121136733976,-0.3106722161540528
1.09225,0.07767181887437392,-0.03646073926900216
1.092375,0.110325344944712,0.03646199236450387
1.0925,0.4682670915108614,-0.010530921706147752
1.092625,0.5297316396184604,-0.004554138124971794
1.09275,0.2040748454866682,0.10838431494328075
1.092875,-0.31953379878535293,-0.3403390372227973
1.093,0.029268065845810633,-0.3140075338536124
1.093125,0.521842047622008,0.0037981329187691416
1.09325,0.23446903186610837,0.09963554506293715
1.093375,-0.015449729150541523,-0.11011617700020589
1.0935,-0.012382085609774671,-0.39459790824401364
1.093625,-0.16513100846987713,0.0931716652004111
1.09375,-0.13083068756033048,0.24672396262658292
1.093875,0.10954605752980685,0.2465231525754137
1.094,0.2680810259115508,0.25055550962375805
1.094125,0.012326173500491406,0.13883616139009142
1.09425,-0.3404961118679863,-0.04632993236705259
1.094375,-0.05038125658228136,0.17051262579804008
1.0945,0.17328402972904006,0.33715386813581505
1.094625,0.15663798710303947,0.3685757923452543
1.09475,-0.13549269013657486,0.1518656574708281
1.094875,0.0006992792305575051,-0.20902816388034137
1.095,0.024421214578894398,0.06833060137811911
1.095125,-0.07062897677144864,0.3731176592212988
1.09525,0.06173651385501994,0.0974830994138847
1.095375,0.43284876793992677,0.11666961173078409
1.0955,0.14090540159196227,0.04131876411981346
1.095625,-0.48422783484309323,-0.24580992016206393
1.09575,-0.3491838128028185,-0.14869123345543167
1.095875,0.10309721919055223,0.2011472026066638
1.096,0.48417125168473985,0.32891272202856897
1.096125,-0.10163626152859806,-0.0024018350304229083
1.09625,-0.08272862564479584,-0.35118902549329756
1.096375,-0.1387570150076403,-0.258325389729077
1.0965,-0.29262236535243386,0.13930801910320664
1.096625,-0.015960719313795082,0.08802652333924822
1.09675,0.5249489975736563,-0.12203350420507353
1.096875,0.13421750420174414,-0.0360854465827676
1.097,-0.4141114928106113,-0.23343128443791872
1.097125,-0.5528369463236882,0.012854763134301114
1.09725,0.13458349092501662,0.18238518661890785
1.097375,0.33854029637497435,0.3625104767859643
1.0975,0.2579650952984157,0.046079672655898525
1.097625,-0.1443676956676146,-0.30927036722149104
1.09775,-0.18064472109452345,-0.21618753673160052
1.097875,-0.2944315447352049,0.049110844454690154
1.098,0.2370552230670724,0.2516424441597334
1.098125,0.5799625194811268,-0.050410789264051736
1.09825,0.2577027440155931,0.06779626373481598
1.098375,-0.3243226446049082,-0.10497845053071782
1.0985,-0.5757388985884204,-0.29485712982055323
1.098625,-0.06826822131954721,0.022727420815608038
1.09875,0.23064944381946698,0.2389794443920999
1.098875,-0.42898589893780487,0.052856388302832846
1.099,-0.5223098024105346,-0.31025173743776513
1.099125,-0.3832798639955543,-0.5281363208363798
1.09925,-0.38377669690950755,0.019018581377847628
1.099375,-0.060493297217506424,0.4423399876634262
1.0995,0.10071398280822405,0.24298067296066359
1.099625,-0.009508639955896549,-0.05718389341545591
1.09975,-0.4016227044806968,-0.07877688447883757
1.099875,-0.389697517725941,-0.33123435397228224
1.1,0.08898814796302004,-0.10479718168724177
1.100125,0.2503218670416559,0.47157460913434496
1.10025,0.11294383812427797,0.15650669377777537
1.100375,0.1979084137131606,-0.40333432566200667
1.1005,0.2553996546216135,-0.4043906819787811
1.100625,0.061545881743146715,-0.10126234160832202
1.10075,0.0012019407088083459,0.16054762294865846
1.100875,0.18079076880498743,-0.2631881535515004
1.101,0.4341559849599624,-0.3782544849462036
1.101125,-0.20449341375131175,-0.3028155885635891
1.10125,-0.1916288862043343,-0.39075525992369375
1.101375,0.2962288374248803,-0.2730008890637702
1.1015,0.44684858505570163,0.2373277602001627
1.101625,0.23618714075903507,-0.1330151462141288
1.10175,-0.20899469756799605,-0.2612748026557924
1.101875,-0.2740075253883372,-0.288081801145467
1.102,-0.3628692292818364,0.0679877210666411
1.102125,0.05525917812067866,0.21701698971446684
1.10225,0.5010451091365272,0.20230538542486098
1.102375,0.3779363027054407,0.049158970217866256
1.1025,-0.2000681929686018,0.12692947608731336
1.102625,-0.3773858685146751,0.10910047991005045
1.10275,0.038103447027305774,-0.08481127527641194
1.102875,0.5675649132224996,0.08548370280456394
1.103,0.24172403332573014,0.2977614089941252
1.103125,-0.2855393051964533,-0.018357101839079164
1.10325,-0.2892669155254386,-0.07255962490124666
1.103375,-0.17198477617324714,0.19352891631331248
1.1035,-0.015059255090876517,0.46294857237659937
1.103625,0.2663325862765355,0.25632710659918817
1.10375,0.21773666562833371,-0.01632953598948399
1.103875,0.0668537347445447,-0.19919578742616334
1.104,-0.4268947519936067,0.15736130329237646
1.104125,-0.06022211311504875,0.08212970249451912
1.10425,0.36654817656343835,0.38474005593238775
1.104375,0.0724549365781903,0.33391944425098563
1.1045,-0.3378430187317964,-0.010860242795058638
1.104625,-0.25507667224158187,-0.2510513669919843
1.10475,0.08281498559978584,0.014757262841033052
1.104875,0.00868013351760342,0.5567560824796183
1.105,0.1585709397805816,0.3536159200378877
1.105125,0.33058291103533594,-0.16033411022692579
1.10525,-0.010207152977134745,-0.2758758372232262
1.105375,-0.49342791299229766,-0.10423898434682126
1.1055,-0.4649923379572971,-0.08230440345405209
1.105625,0.13166559436253575,0.30980488676277057
1.10575,-0.05199853547321104,0.3338461643036114
1.105875,-0.13583881732172662,-0.09627921831747813
1.106,-0.16836263157735243,-0.259986901266427
1.106125,0.13206627301997495,-0.024053503391236727
1.10625,-0.07796320266185339,0.20996760031199674
1.106375,0.1255042911021397,0.24638122368408422
1.1065,0.21808285588807158,-0.19330125919088315
1.106625,-0.1618811237216786,-0.07632546769781592
1.10675,-0.3840057438892673,-0.06174755154313886
1.106875,-0.374650124263366,-0.012552920677295125
1.107,0.1702723356843217,-0.03443071148659868
1.107125,0.10998863914608137,0.28623099122289586
1.10725,-0.40050598772538387,0.01559550336680197
1.107375,-0.5716338496598926,-0.5499994470121927
1.1075,-0.344339355811897,-0.18236615576729684
1.107625,-0.06301927454958557,0.14230614193866026
1.10775,-0.07565541249560553,0.02825217624992433
1.107875,-0.01748009201074935,-0.19439744995864855
1.108,-0.3385304741482747,-0.00685456268603442
1.108125,-0.3767213437161002,-0.11525560740125873
1.10825,-0.2926724795365783,0.12058807064265577
1.108375,0.2261442352882497,0.03639012110077215
1.1085,0.2870375246840576,0.07176250587774068
1.108625,0.13095685806752724,-0.03359194248871475
1.10875,-0.07272863033492644,-0.4298967012175766
1.108875,0.3443497033498248,-0.11304226974043684
1.109,0.44966385992736635,0.1263641914890907
1.109125,0.30099968285213646,0.2640158681374203
1.10925,0.20288881229627417,-0.20874882445898102
1.109375,0.34270213873078265,-0.5549700762025681
1.1095,-0.12204601842791037,-0.30127482275595907
1.109625,0.06309860907950761,0.05547192920494801
1.10975,0.4504851125795904,-0.14878770616327638
1.109875,0.5121228925379079,-0.0756514313159291
1.11,0.09350127734067258,-0.15139240582166685
1.110125,-0.30254797382095266,-0.2614244554771297
1.11025,-0.04280242774160677,-0.2089979537694522
1.110375,0.05936771169305187,0.187950279923617
1.1105,-0.0020691919798275188,0.21526024727612758
1.110625,0.09077591922883992,-0.15415895656168502
1.11075,-0.024951324327133678,-0.02194820109302089
1.110875,-0.4231441236388492,0.41436966592310925
1.111,-0.07680793084980889,0.39189255551551844
1.111125,0.26811143957859673,0.23555723730870168
1.11125,0.5999676951016131,0.28683106740729886
1.111375,0.10246375904516382,0.04871064406063033
1.1115,-0.19224553096450173,-0.0463469129801804
1.111625,-0.14332149706230035,-0.02886348308674481
1.11175,0.4937367958533545,0.37625146442517954
1.111875,0.02597121698329959,0.45552656015946524
1.112,-0.07925681135856161,0.06462084576394346
1.112125,-0.09955836138431812,-0.256867376061221
1.11225,-0.08028349562819741,-0.06948980434544573
1.112375,-0.07682840476896081,0.0703491402659448
1.1125,0.15160914437242531,0.11018646789162294
1.112625,0.5617539290500619,0.011605204560617758
1.11275,0.08218852133459316,-0.027568353778093215
1.112875,-0.38060457866185654,-0.2116194548751464
1.113,-0.4363299566106441,0.1508199787381622
1.113125,0.13177660997618976,0.23093105843114023
1.11325,0.04646935504216864,0.3274236013366661
1.113375,0.13076596699152113,0.12608587563627063
1.1135,-0.04110999147114973,-0.2655665476662606
1.113625,-0.16440582512234395,0.13089490865043782
1.11375,-0.07406333445619954,0.1219909577236506
1.113875,0.2692612147872184,0.07113123574935978
1.114,0.4195108405812121,-0.06011863323780972
1.114125,-0.031829894095659804,-0.1495796697268849
1.11425,-0.4875454991106909,-0.2686314940166181
1.114375,-0.01442110798510526,-0.21843546370510464
1.1145,0.24031687287484108,0.1371360904607019
1.114625,0.07467760391962627,0.4761443124417425
1.11475,-0.033128592450789654,0.012700043336688956
1.114875,-0.17832556375144565,-0.5455748222589596
1.115,-0.17444165511748708,-0.3279872981740634
1.115125,-0.33501839104885894,0.0740665249553638
1.11525,0.009931752787135024,0.1608439747601816
1.115375,0.3400208933851874,-0.04289362957314957
1.1155,-0.045906686337873495,-0.08164491067949961
1.115625,-0.45766649036020574,-0.023451705833995806
1.11575,-0.5541456135079452,-0.24904408012064103
1.115875,0.06923447634932356,0.14223430545484686
1.116,0.04979080118679121,0.27361041299408584
1.116125,-0.1792290292061762,-0.1390213227998153
1.11625,-0.16529584875145362,-0.17660693326510807
1.116375,-0.2275158030953263,-0.1647944316259222
1.1165,-0.23119083023738643,0.29668893997785334
1.116625,-0.1650473995529337,0.1056324638006775
1.11675,0.2785049594355294,-0.04401824456072631
1.116875,0.12149227183835587,-0.150821162257173
1.117,-0.04416997479516024,-0.10566542215923529
1.117125,-0.08624699270179988,-0.33853957245691385
1.11725,0.2378000058768589,0.08741502642881831
1.117375,0.4073775021254956,0.23905225763809673
1.1175,0.24157371916643114,-0.012157952056981728
1.117625,-0.03866803681121982,-0.44747638211548885
1.11775,-0.052793884869565176,-0.4689254722816685
1.117875,0.05271096405009327,0.18641478792204025
1.118,0.1541493356559318,0.13505724917722556
1.118125,0.2584802373792045,-0.1326942632872497
1.11825,0.10849054053124436,-0.06942575481275814
1.118375,-0.38303826902263205,-0.06741674214607052
1.1185,-0.3668138567319931,-0.25284870138510673
1.118625,0.4234942879192954,-0.009910625397000203
1.11875,0.3439105032999023,0.17540577743204094
1.118875,0.1095300673705728,0.26283943745840826
1.119,-0.0972918543204405,0.011011881631087132
1.119125,-0.26643473045009763,-0.10448836303220273
1.11925,0.010744749411346328,0.25742385810289403
1.119375,-0.04656983540112369,0.4252977638274925
1.1195,0.4212614671233147,0.19450216032061518
1.119625,0.41484383852515627,0.018978414694526314
1.11975,-0.12110655767418826,-0.09562984711929841
1.119875,-0.3415942288135381,0.11856112291516409
1.12,0.2705319458843008,0.17070875012573405
1.120125,0.6151441898447944,0.3220331923104283
1.12025,0.19862306538026137,-0.0015404778873066981
1.120375,0.09822098306446986,-0.4408124081170518
1.1205,-0.027347191806869266,-0.20131258374022964
1.120625,0.08397660450395901,0.14056823968281631
1.12075,-0.11447969797620927,0.3638947551665946
1.120875,0.17380547328426463,0.20762343382000623
1.121,0.11372363593322715,-0.12349623243258197
1.121125,-0.12777036650994672,-0.10173822930751887
1.12125,-0.31603080082313795,-0.09121994642619242
1.121375,-0.041267607040216966,-0.1124233920823375
1.1215,0.39775245734883946,0.3581846388313172
1.121625,0.14489417536843932,0.34264950949433887
1.12175,-0.23364615846443507,-0.07877815046822863
1.121875,-0.31759137292767115,-0.2723706983577968
1.122,-0.23025160387384536,0.1451704018682288
1.122125,-0.18564070212287714,0.4387766451579373
1.12225,0.13156010487933864,0.24005610827250767
1.122375,0.20970744812532646,0.0018908895166890975
1.1225,-0.13591956098034763,-0.008371331532011464
1.122625,-0.4058680981116678,-0.13347618283023632
1.12275,-0.14016107934748792,-0.06183020312295021
1.122875,-0.008016172722551538,0.16327522880685882
1.123,-0.10057640265053266,0.18144317881995875
1.123125,-0.3625043135416103,-0.1427397566793684
1.12325,-0.31673555455495883,-0.27088490249051145
1.123375,-0.284968461761506,-0.09590000485036872
1.1235,-0.2968686538137657,0.2925234954567811
1.123625,0.1274993329416054,0.06359963438510083
1.12375,0.2147449520213688,-0.1954439704800941
1.123875,-0.12277149248049671,-0.16034193721593348
1.124,-0.3708420505411573,-0.11998417314288855
1.124125,-0.32382829392322815,-0.018733807889101572
1.12425,0.03427840685624045,0.2101480937621184
1.124375,-0.20628466181822439,0.1831117779541592
1.1245,-0.48115342917411014,0.016783013739833198
1.124625,-0.19291111168507352,-0.20703381416448216
1.12475,0.009192303387978926,-0.19439345622274803
1.124875,0.23383597734495748,0.049710148487582234
1.125,0.2217667899999233,-0.043749729171564625
1.125125,0.2651098353175689,-0.3970508316411688
1.12525,0.02358100187930631,-0.35927137779698964
1.125375,-0.1029027526568069,-0.32029413117066474
1.1255,0.06394777796114842,-0.31646386838197266
1.125625,0.31551360858983024,0.06955254670681431
1.12575,0.353581785351182,0.061147120816043954
1.125875,0.12779824697037795,-0.003514731478792555
1.126,-0.11061286136136231,-0.4394918180751764
1.126125,0.03839795893022808,-0.12252595105333106
1.12625,-0.0020197366784067403,0.16671498672541385
1.126375,0.09311711702892887,-0.0023239565974216706
1.1265,0.0707317412898529,-0.430369479955887
1.126625,0.005747865225144153,-0.2589386811104902
1.12675,-0.2746202744081548,0.019808095202211266
1.126875,0.03578493076772819,0.09932407455802929
1.127,0.501073739305102,0.19928906901616195
1.127125,0.332401144000169,0.24611865081460382
1.12725,-0.3676923310131055,0.0512486281050503
1.127375,-0.1533961705839516,-0.08028098561574243
1.1275,0.060331835141694844,-0.13182167525404134
1.127625,0.20394901973785529,0.3305833401269753
1.12775,0.09987795421275981,0.3900664551065189
1.127875,0.04214124714213528,-0.00983754990083757
1.128,-0.040500730561167535,0.10276170637549471
1.128125,-0.21019761526700584,0.16071794625638686
1.12825,0.012103999092499597,0.12100144997154905
1.128375,0.39639414565226333,0.11583751447767007
1.1285,0.3517183397679855,0.12038174558959236
1.128625,-0.2974178790948118,-0.0009790036899752783
1.12875,-0.33308892832150405,-0.1734289035474618
1.128875,-0.018132445622592072,-0.22278163271405657
1.129,0.23451163587286702,0.30332623725591307
1.129125,0.24011199565912453,0.27980167572345027
1.12925,0.2210746454571648,-0.2388626998976904
1.129375,0.04504284915708333,-0.34693346821380655
1.1295,-0.17338887293366037,-0.04105564394149914
1.129625,0.00625617262697848,0.15434941276706707
1.12975,0.18008415455145324,0.23103038535533427
1.129875,0.11396547276872333,0.1667956123513344
1.13,-0.21914936023780213,-0.051054780595541506
1.130125,-0.41306784615409636,-0.1848757817923721
1.13025,-0.03355461079560381,0.01860875940086773
1.130375,0.13719800609617425,0.3962845168757269
1.1305,0.08365919142513861,0.23106162834830862
1.130625,0.27501538045747764,-0.06052188387517635
1.13075,0.08631793180152206,-0.282304430222436
1.130875,-0.27788774545615497,-0.029777944626451062
1.131,-0.2203469289150282,0.23454652999683265
1.131125,0.13599995462789694,0.2205120943654189
1.13125,0.25817219171441946,0.028865285558924727
1.131375,-0.12526670683817612,0.028213808507290168
1.1315,-0.40587380375517945,-0.139854604001844
1.131625,-0.030065320284273677,-0.17802868048487142
1.13175,-0.1828784305630293,0.14421248523714553
1.131875,-0.1637765527664687,0.0761023719529543
1.132,-0.1867430089806682,-0.22468504011878762
1.132125,-0.3049767583830557,-0.2484327599974097
1.13225,-0.30860674356224216,-0.04347038746669582
1.132375,-0.13162616988610867,0.10191407288879394
1.1325,0.14636187906206938,0.10349697484804003
1.132625,0.31503095185153895,0.1663366755253434
1.13275,-0.11936001684477848,-0.023950532257389606
1.132875,-0.3993043180179929,-0.10839353277306744
1.133,-0.08661255225080997,-0.2481990135492976
1.133125,0.10072918057670825,0.09608818684768049
1.13325,0.010208121326075691,0.16263472081713307
1.133375,-0.01722536845530533,-0.2431864422245825
1.1335,0.0891932770936938,-0.16906975371755337
1.133625,-0.061387422627540794,-0.11576401949716987
1.13375,-0.10543699258898526,-0.0026783060120614552
1.133875,0.052690970020287775,-0.1489823160553736
1.134,0.3585508246225281,-0.14375814260664452
1.134125,-0.010898512588094789,-0.10403313827487216
1.13425,-0.24097954388287804,-0.3095622407029668
1.134375,-0.1242868958254656,-0.1323783435134394
1.1345,0.4227969364111628,0.07491257275994334
1.134625,0.4822180013890998,0.18222964594485985
1.13475,0.3195354362235944,-0.14494475493336276
1.134875,0.08159823487703123,-0.2508546245668511
1.135,0.06944238769662568,-0.16394007733864993
1.135125,-0.07440876578918836,0.10265569577132039
1.13525,0.28604721902804203,0.10934609667890081
1.135375,0.4434733718755433,0.05864717882393453
1.1355,0.2121088744292923,-0.1079067934577328
1.135625,-0.20011761579976506,-0.07801567586643404
1.13575,-0.14574576372902578,-0.11817559147361946
1.135875,-0.12381234776027365,0.1834270760390284
1.136,0.24226544136101205,0.2500691285515859
1.136125,0.002718164806157708,0.011340165324312715
1.13625,-0.1481789947837214,-0.1470373782278788
1.136375,-0.13051812682255728,0.03608798536446112
1.1365,-0.10013285760844555,0.3231056875781318
1.136625,0.14748114187216904,0.28493945720146696
1.13675,0.2802807391023055,0.3361756979238712
1.136875,0.07057673566542517,0.18444508696583573
1.137,-0.4104526653924737,-0.11444428948572731
1.137125,-0.20835325496150225,-0.0487908996701558
1.13725,0.19362482480676418,0.06959390612261462
1.137375,0.19712285223102063,0.36342337218988624
1.1375,0.3644322906548684,0.22197634485364748
1.137625,0.14286180925398861,-0.10621695213425363
1.13775,0.03145375305033196,-0.20043258043471607
1.137875,-0.21454334127199007,0.08878918613590042
1.138,-0.16018991645206937,0.1090535373810511
1.138125,0.2855540282844719,-0.08243223796236401
1.13825,0.1037725868794733,-0.06049488776407855
1.138375,-0.24802199295834854,0.02512881208454646
1.1385,-0.19774525074214885,-0.012276782771608978
1.138625,0.2073666212687593,0.170712995520546
1.13875,0.13973107820487032,0.19647074331247102
1.138875,0.051292324510785935,0.09988178843049833
1.139,-0.14558678529603478,-0.19745171599175762
1.139125,-0.07538707941754448,-0.14860473126421955
1.13925,-0.14207717616305984,0.20162787333649873
1.139375,0.1359961852107284,0.17980946215394175
1.1395,0.17409206817425746,0.182724824537066
1.139625,0.16402978958563608,0.09269021984739147
1.13975,-0.36674122861217373,0.01724467133065612
1.139875,-0.6099757815852929,-0.24645206513380022
1.14,0.010160077297406542,-0.17822025259799162
1.140125,0.24511504510169155,0.18517110181299784
1.14025,-0.0967633062150319,0.15793368658238519
1.140375,-0.20986576058775208,-0.22168421759183277
1.1405,-0.23816123601991265,-0.2973554800659232
1.140625,-0.3788653976216678,0.06570343115165228
1.14075,-0.26614309658973523,0.13735234323290724
1.140875,0.2545317550204712,0.04163693565275319
1.141,0.2648481396455579,-0.11999110487199749
1.141125,-0.18727151007231313,-0.2562402973296526
1.14125,-0.37581700784384525,-0.14180541286981155
1.141375,-0.18160106828349135,-0.042484738612164716
1.1415,0.19015369519816339,0.20796404345974678
1.141625,-0.00954849717775679,0.2269959012883755
1.14175,-0.27737459450069263,-0.145997792814018
1.141875,-0.38744799467831764,-0.29567976463623624
1.142,-0.1786021324318004,-0.1379945763145727
1.142125,-0.02714951852322641,0.16684124070829864
1.14225,0.2987042439912179,-0.05278379171658051
1.142375,0.19296445385276867,-0.1079596827114512
1.1425,-0.04123200790420576,-0.31288020518499626
1.142625,-0.14703200511244938,-0.2931725767416243
1.14275,0.3530114597148884,-0.1303714735344019
1.142875,0.6369896481501321,0.11966718546515899
1.143,0.4423382534825806,0.13580161411953645
1.143125,0.11504653664659517,-0.2835480932737425
1.14325,0.0181650206663743,-0.4212775537723542
1.143375,0.16472726161060902,-0.024930003503627285
1.1435,0.19398975666546903,0.19439489889725228
1.143625,0.42697027296530876,-0.029169258239227086
1.14375,0.21267719002371366,-0.3429267540502501
1.143875,-0.032664724887908204,-0.30662788687383047
1.144,-0.33193264040951714,-0.2643318485880338
1.144125,-0.11609312925569995,-0.029818945004058038
1.14425,0.2934156952420986,0.2830013216023061
1.144375,0.26014215702331916,0.23182540572702437
1.1445,-0.015511575579877004,0.03761521943794789
1.144625,-0.14873254000142275,-0.22881840808074608
1.14475,0.00565798880728396,0.19155394344471685
1.144875,0.16877908936515454,0.4261477535213071
1.145,0.17756645652140873,0.44311662065301466
1.145125,0.27647576113724426,0.14136965691720524
1.14525,-0.19753177465557195,0.16663251618817906
1.145375,-0.3933672297684404,0.20734663275764034
1.1455,-0.06231843707095336,0.318404820219273
1.145625,0.3943455868443307,0.3488383012805845
1.14575,0.162918068181301,0.18385160465031075
1.145875,-0.24859330379811476,-0.09730866677414572
1.146,-0.25480210445704893,-0.29542632063912605
1.146125,-0.06496413448256999,-0.21807558456665463
1.14625,0.1770810682487368,0.2700479111937608
1.146375,0.013573357208871387,0.132731261932813
1.1465,0.021687314966178727,-0.08860681688295449
1.146625,-0.14933546733544678,-0.16879442653332782
1.14675,-0.3953974045322048,-0.07345770838576729
1.146875,-0.35998391475984265,0.09452091672474718
1.147,0.19691462803175955,0.11625371857516649
1.147125,0.07001817337782595,0.039927565856478005
1.14725,-0.3258708624831985,-0.0790058033448647
1.147375,-0.3179241267950767,-0.23675498261588485
1.1475,-0.0515682082190884,-0.03640748452029627
1.147625,0.17765366480380407,0.24659698797950447
1.14775,0.10757273570869247,0.18205088793762206
1.147875,0.18418340242719092,-0.17071315326708209
1.148,0.05196632281531294,-0.08495347180495585
1.148125,-0.275233120891185,-0.08032439830251253
1.14825,-0.2814851568441875,0.03399809502183633
1.148375,0.11543488124961752,0.1590225932740513
1.1485,-0.024574718448936432,0.21723012436648395
1.148625,-0.3454327754105655,-0.11978073497960642
1.14875,-0.39752769576711744,-0.2765182548696538
1.148875,-0.32484974595380034,-0.24282935481640763
1.149,-0.08449858876184918,0.15666048491400036
1.149125,0.11924368216581731,0.04527030714729955
1.14925,0.11651462278648501,-0.19908214704363325
1.149375,-0.047513502771906885,-0.1748087329828726
1.1495,-0.35530635569010655,0.046654087746999695
1.149625,-0.3387758160535691,0.11557121849648215
1.14975,0.030865099176856464,0.20313586400834346
1.149875,0.15283347311912096,0.20857977793382212
1.15,0.05638457134959928,0.021441736468437413
1.150125,-0.06412935122782214,-0.21372966404885002
1.15025,0.12033048401467801,-0.3033962232707105
1.150375,0.26332154183600354,0.12191928553827301
1.1505,0.3074200748739346,-0.10401383643300245
1.150625,0.39180634234183653,-0.20741634970837966
1.15075,0.3080576993300106,-0.5651466344798106
1.150875,0.08424531625613194,-0.1728570333404415
1.151,0.23756755565747092,-0.11913663031754285
1.151125,0.35632008258697967,0.13417757720448778
1.15125,0.2812010846745636,0.11290674999303255
1.151375,-0.03279653606458859,-0.24909139875252065
1.1515,-0.2570616191079973,-0.3468530958527361
1.151625,-0.11582177835367378,-0.17968639873263856
1.15175,0.09912142925073127,-0.06672797365660173
1.151875,0.14415642946548488,0.23934461776098537
1.152,0.17450558585415532,-0.0023333054460054833
1.152125,0.02076914057528517,-0.1402076784495901
1.15225,-0.1147668363326242,0.19685099573437975
1.152375,-0.16296362608719905,0.1622752762172931
1.1525,0.15656626875806623,0.24573843884556634
1.152625,0.3918701779408052,0.345239022668685
1.15275,-0.012383568266078528,0.3457246035129654
1.152875,-0.21643442844871472,0.059841250319192844
1.153,0.01848460918890336,0.16825650407101383
1.153125,0.4072981032649603,0.2298040557723463
1.15325,0.2431100661950782,0.3657995303763503
1.153375,0.01184294508515207,0.12442468087631621
1.1535,-0.12630534927284287,-0.3145323760939278
1.153625,-0.19285084198139535,-0.15287221382549124
1.15375,-0.31772238127891855,0.21374706276869768
1.153875,0.04166368144413712,0.2881006265329632
1.154,0.484797835689276,0.15358915776972834
1.154125,0.2654903674912401,0.02098030581682862
1.15425,-0.1758400870357507,-0.06984682158287944
1.154375,-0.008167221677461763,-0.21693819332561348
1.1545,0.2416070627378152,0.225318869615583
1.154625,0.06523691168429555,0.3593325264813857
1.15475,0.03699599141434997,0.05345807101055863
1.154875,-0.09114184620070998,-0.2712156968611198
1.155,-0.07499910640902309,4.374740508326293e-05
1.155125,-0.022905187876324395,0.1960212471508187
1.15525,0.18403344870741542,0.16054070406292265
1.155375,0.5846400958832061,-0.14863085472825854
1.1555,0.26241784621983105,-0.20450907511561928
1.155625,-0.296138348928188,-0.3134436739406811
1.15575,-0.4430238238408927,-0.3096240824740705
1.155875,-0.07798617352509202,0.07586282876514296
1.156,0.24403855885183698,0.3067993420939655
1.156125,0.2401112566259999,0.3558648624589769
1.15625,-0.0913877497925957,-0.026178533926241823
1.156375,-0.2845420939055444,-0.029632807511680806
1.1565,-0.5681833191789709,0.12635871814586555
1.156625,-0.016483562896306335,-0.02637395694323749
1.15675,0.20523343677354705,-0.04627317552420974
1.156875,-0.09475148584391765,-0.13832981230915953
1.157,-0.4561242076149946,-0.05795813310683276
1.157125,-0.5253056010146084,-0.056508455205047305
1.15725,-0.1276429039785651,0.37210773326155194
1.157375,0.07721345965692268,0.367908155625554
1.1575,-0.2561910835010743,0.1005103425405565
1.157625,-0.20993074762669064,-0.20499146845467778
1.15775,-0.17311711069276947,-0.30165247869635137
1.157875,-0.11825600659132501,-0.10951684904219203
1.158,0.1836105084342471,0.20551267526153086
1.158125,0.309372091449155,0.0018067457511582502
1.15825,0.3481074315400118,-0.16434710862171492
1.158375,-0.21638273972381267,-0.15727257349915538
1.1585,0.00973223783422129,-0.37393500129922497
1.158625,0.08435978441888549,0.030851297089251925
1.15875,0.27472234236969995,0.2658287938796968
1.158875,0.01484471912937873,-0.012625248567865288
1.159,-0.02788233571662059,-0.5034825495652187
1.159125,0.19395727555332057,-0.5637389311040885
1.15925,0.4987865174975508,-0.18013583070755745
1.159375,0.4502800276886176,-0.08283869366023791
1.1595,0.5209969494427286,-0.02178127049226705
1.159625,0.07932500662661371,-0.2278094549170891
1.15975,-0.2132301915074096,-0.14686475627863013
1.159875,-0.1859518578238929,-0.09925305539124972
1.16,0.14095247930803062,0.18144728736679322
1.160125,0.29778106960832273,0.25319249085361545
1.16025,0.21384855192090324,0.39823198046866776
1.160375,0.03363061032752727,-0.1523981378735765
1.1605,0.12238707084093596,-0.14806681655463305
1.160625,-0.09360349297692651,0.026941107051939576
1.16075,-0.20508967443072973,0.13698892141432922
1.160875,0.04371442903487647,0.13532549451520381
1.161,0.16588204844907636,0.08662066208900475
1.161125,-0.1825770489825336,0.10862894626038481
1.16125,-0.31373295806743795,0.39499691357291083
1.161375,0.13274795212209384,0.4302342290092568
1.1615,0.3288871165712631,0.3606032179426221
1.161625,0.03546211106179747,0.43854794260194613
1.16175,-0.14446838902534562,-0.030802970078712834
1.161875,-0.018071841201856658,-0.1785999666541268
1.162,-0.10392367348348332,0.07567773809569917
1.162125,0.101366852960091,0.3287232700953394
1.16225,0.26660641189754813,0.1416262659457757
1.162375,0.17050180262007025,-0.07526134967257428
1.1625,-0.25216435711548424,0.15166213842828472
1.162625,-0.2460407071674215,-0.10347562518187849
1.16275,0.11249902882395486,-0.3086416062503629
1.162875,0.12536469737000555,0.013301277153522757
1.163,-0.10711368600730767,0.21196350429469146
1.163125,-0.15551182897162977,-0.060529816041370366
1.16325,0.0017036254444935557,-0.2583237704640521
1.163375,0.02276791087341706,0.10884932548012816
1.1635,-0.08828046411006421,0.22961015448932928
1.163625,0.09924725509197073,0.15622554564837454
1.16375,0.08032993844807261,-0.09178996880769723
1.163875,-0.0077104110079658705,-0.015967533751067
1.164,-0.14823398659572817,0.0761680139054377
1.164125,-0.10599715985366702,0.1894108319372502
1.16425,0.15513182749734436,0.4543061105289317
1.164375,0.004462998011643598,0.15517340325363727
1.1645,-0.42954937948892835,-0.1625871338766704
1.164625,-0.23231716971888489,-0.1554884323671805
1.16475,-0.025219790324124733,-0.06095096378203013
1.164875,0.24056282934685946,0.23449312937686542
1.165,0.13468655388788264,-0.023438812286828817
1.165125,0.005140133283841363,-0.17570665199774343
1.16525,-0.2936896899914802,0.009423699594375438
1.165375,-0.619975810083621,-0.002785168466091513
1.1655,-0.2867400099400686,-0.11115561935922139
1.165625,0.09187451516243555,-0.07900964566644281
1.16575,-0.0006012003057908482,0.12585148870842178
1.165875,-0.317328662971297,0.033972991291652085
1.166,-0.30176341688911323,-0.21425045403387352
1.166125,0.15013620102958164,-0.07270823433423101
1.16625,0.16056524326878427,0.12726416879168026
1.166375,0.13859033281467664,-0.04183633507843308
1.1665,0.31587401118682884,-0.4172260473642702
1.166625,-0.12690707108736304,-0.39365286457874427
1.16675,-0.36868981572823106,-0.026236579377736415
1.166875,-0.14136016655715983,0.2352697587784989
1.167,0.4315515593444907,0.1940026729461998
1.167125,0.28707163751734793,0.07276532816129826
1.16725,-0.07145825891073661,-0.21002068578075203
1.167375,-0.0717040436591374,-0.484970079687049
1.1675,0.14614767056771,-0.21557441829653226
1.167625,0.23637816520284619,0.11520827628917048
1.16775,0.19028829200055386,0.09707418642290677
1.167875,0.25984974959132195,-0.2447634636907947
1.168,0.13144222243625284,-0.24822265104609187
1.168125,-0.2420975770380388,0.015890433988459064
1.16825,-0.017646859243563757,-0.09879139620028428
1.168375,0.7117576791561402,0.16449359989776363
1.1685,0.5733968664420727,0.18424060228571154
1.168625,0.004983108632755241,-0.09401973810007264
1.16875,-0.2685269765078364,-0.24483461813102803
1.168875,-0.016695890820098265,-0.052720966813767596
1.169,0.27576416069950965,0.21330197016959956
1.169125,0.02731610063292526,0.3858096697594874
1.16925,0.1706826068269394,0.044313126734642966
1.169375,0.07595065991652213,-0.1967081824845715
1.1695,-0.20504680955020763,0.05271779070158921
1.169625,-0.13361858477292088,0.2279026174438951
1.16975,0.21632457798562635,0.23521636926275952
1.169875,0.2523488400424695,0.2067678733643483
1.17,-0.09252135633813072,0.18908000178706313
1.170125,-0.25451598158771843,-0.1250083613090211
1.17025,-0.05829329198863599,0.057039466658183144
1.170375,0.12726251855467752,0.5399989571559178
1.1705,0.043487323567793675,0.49879733582230656
1.170625,-0.1514720962540922,-0.017959179653965193
1.17075,-0.02459180854582396,-0.21690477042357048
1.170875,-0.05927780625245113,0.09459347015533584
1.171,-0.33605981056754103,0.19325590110646845
1.171125,0.13129212601971724,0.20476608440856656
1.17125,0.24472008097223366,0.2640347282471003
1.171375,0.14567610230610964,0.051537500926875875
1.1715,-0.20185598202107258,-0.2777714747305155
1.171625,-0.12937842074939418,-0.1608141233101412
1.17175,0.0822321058820147,0.05331209173462511
1.171875,0.22680062514472477,0.07112650627438129
1.172,0.02182458309487735,-0.06855517160568575
1.172125,-0.10985612206196961,-0.2870442291840679
1.17225,-0.17261686189668182,-0.03912548097450534
1.172375,-0.1842299447685793,0.137545386460945
1.1725,0.28400311906313075,0.0330756795697948
1.172625,0.256688943313107,-0.019879669743468508
1.17275,-0.11103463692753421,-0.05383639156638571
1.172875,-0.542472862257874,-0.15998400953876363
1.173,-0.18625700610071963,-0.25166444561586054
1.173125,0.044087764266185284,-0.021711125911468343
1.17325,0.044280479409780985,0.2418230067638573
1.173375,-0.03210986043078397,0.16081795395111104
1.1735,-0.14092818615441383,-0.0901264269520516
1.173625,-0.24237689835479204,-0.048027566137912814
1.17375,-0.2843049423502192,0.044999536317184056
1.173875,-0.04410201697336107,0.04402076979960452
1.174,0.3740612533063846,0.04261930818333895
1.174125,0.040072471574991025,-0.05533567991162051
1.17425,-0.36786862228802564,-0.10122772229367061
1.174375,-0.1943313433252602,-0.16080379809407924
1.1745,-0.07285568017253641,0.26717915338032144
1.174625,-0.034449847975600176,0.15607178278450168
1.17475,-0.16366918609971953,-0.1419049683364233
1.174875,-0.2226813203238379,-0.39854275024989416
1.175,-0.061563450712007375,-0.21300623126503807
1.175125,-0.036336858723408236,-0.09655402214809031
1.17525,0.149966687792498,0.0276170250762976
1.175375,0.35318056043528084,-0.10794568743303068
1.1755,0.05910918331508547,-0.06800663576397105
1.175625,-0.25911914318533663,-0.3060379125029138
1.17575,-0.04927592749863879,-0.2152921693123952
1.175875,0.5293111118210618,0.07978328599967834
1.176,0.5299606479448952,0.15629232651904676
1.176125,0.311324325001851,-0.043152151673772204
1.17625,-0.028120019818298175,-0.42488052938488724
1.176375,0.14640681307900905,-0.20144953027609167
1.1765,0.09509359031452372,-0.08948328167205152
1.176625,-0.00503296867311698,0.035209158471738965
1.17675,0.3541538467320852,-0.14071454836583583
1.176875,0.023589873403891373,-0.25564602809739073
1.177,-0.1148890705134464,-0.07848174922502185
1.177125,-0.0230161981965708,-0.013436548445244943
1.17725,0.3250047303096442,0.1394419825661498
1.177375,0.5009993900757899,0.296540929408839
1.1775,0.008555775077122591,0.22791829317998322
1.177625,-0.13498585501184404,-0.2723470868031699
1.17775,-0.09390739265974495,0.09165114421413048
1.177875,-0.1382148697370804,0.4191712051008299
1.178,0.03477074767137101,0.46167330200091866
1.178125,0.5042903966819051,0.2245063916459722
1.17825,0.2320537824369872,0.13247014348321012
1.178375,-0.5122014184901126,-0.0025153539082036287
1.1785,-0.45970118942922467,-0.21524255480808901
1.178625,0.29305153988439175,0.1485662809194494
1.17875,0.38909618461864814,0.37643281825190644
1.178875,0.016731755598230265,0.11473034990272335
1.179,-0.38459743894666937,-0.16440568877439926
1.179125,-0.029725496596607306,0.02018492513121768
1.17925,-0.09120915236172165,0.14487461466413176
1.179375,0.15242773658190334,0.23031315903189079
1.1795,0.2537800176157923,0.20291170034102549
1.179625,0.17110113802952348,-0.09811468417018399
1.17975,-0.3567508231737347,-0.15703541740098664
1.179875,-0.3069681431403338,-0.07013812209035358
1.18,0.09045079835987638,-0.014287685206668656
1.180125,0.1233650267731951,0.3425086690248555
1.18025,-0.005982703637221823,0.11588095341059379
1.180375,-0.37877988310886773,-0.27386144956454384
1.1805,-0.11644365902261128,-0.22058704232560414
1.180625,-0.006930416847378177,0.34648211060700934
1.18075,-0.011521511070772122,0.2982247294545662
1.180875,0.34026225961024487,-0.058070487538407316
1.181,0.36369652112346174,-0.1925876150148662
1.181125,-0.05337679567992647,-0.12139220382459871
1.18125,-0.42880561896542685,0.02301796874662245
1.181375,-0.16365893784970403,0.0866527133860153
1.1815,0.11071652222874073,0.3158367426228624
1.181625,0.07266747606944278,0.048034170713320855
1.18175,-0.3143856148535158,-0.13837073915984185
1.181875,-0.2567758903161505,-0.39724943015664294
1.182,-0.45427516057409817,0.12040073079086404
1.182125,-0.37062071400951796,0.0249128540680367
1.18225,-0.0676088873325257,-0.12291654828035563
1.182375,0.1036590425694602,-0.1975855693653867
1.1825,-0.3053608316132517,-0.04781313126795254
1.182625,-0.5335022313414644,0.036498904888932565
1.18275,-0.08905343641994005,0.036994469259487905
1.182875,0.4285305504085421,0.21785563401355817
1.183,0.09017264835852497,0.17008951206605963
1.183125,0.005982516045783578,-0.22111270738421485
1.18325,-0.12299304801103644,-0.2395236391241496
1.183375,-0.100171294989357,-0.06893736346662259
1.1835,-0.028074436582871523,0.21968025495886526
1.183625,0.1879698171715899,0.1530893833244354
1.18375,0.42289859050050504,-0.2243416301413202
1.183875,0.2338971351383926,-0.23557694969920734
1.184,-0.2353345550833849,-0.39888828967859574
1.184125,0.11010848056636571,-0.2782252020253112
1.18425,0.5142601060982042,0.049213240661526415
1.184375,0.3088675349396775,-0.026670103256900873
1.1845,0.03136617890335031,-0.21496865043586214
1.184625,0.17757829654582202,-0.4741924498053134
1.18475,0.3051814454646624,-0.005179710751659838
1.184875,0.31178795476176496,0.29721473446072866
1.185,0.3760691207715814,0.13617132469640103
1.185125,0.214185458109935,-0.14995251879385346
1.18525,-0.17451832495301384,-0.12805835238594068
1.185375,-0.5077551959806569,-0.0935798264924801
1.1855,-0.23804064139354092,-0.050455077238737836
1.185625,0.2998874762115619,0.15890993385603447
1.18575,0.33476395514945273,0.3686869703302442
1.185875,0.08029239267431554,0.07816003014645433
1.186,-0.2015055482017355,-0.18471901634856194
1.186125,-0.052764925291751794,0.06103154049354679
1.18625,-0.0403084831489091,0.5192921913338373
1.186375,0.24371803474032191,0.4593621649508686
1.1865,0.2688649864830871,-0.004766517033126304
1.186625,0.0048664374460051976,0.08013543437852413
1.18675,-0.3308158974104627,0.1916969448883305
1.186875,-0.01766685496013986,0.17707499575710797
1.187,0.2039370978878162,0.18542457900271084
1.187125,0.2180681251320297,0.20961417666057688
1.18725,-0.31266851694124237,-0.18011802267099278
1.187375,-0.4301891397410626,-0.4354708112659663
1.1875,-0.17719597755208105,-0.21916323141190935
1.187625,0.08024113617406697,0.2905404906311948
1.18775,0.13665411825617912,0.453820089358996
1.187875,0.2610883337481184,0.009341569906682794
1.188,0.054064314955617206,-0.24032535355629503
1.188125,-0.16419029730048598,-0.054816797302140945
1.18825,-0.3342038527362192,-0.023820187977383545
1.188375,0.23264108472876113,0.07632228670039237
1.1885,0.1775301654236087,0.34685338810068045
1.188625,-0.20203673261730046,0.08925794627102356
1.18875,-0.44567334596297625,-0.20514604190046046
1.188875,-0.36287128704723803,-0.032081007990170954
1.189,-0.007217331134885553,0.2214509650094861
1.189125,-0.057632375389315746,0.20205170490074845
1.18925,0.11248554001633977,-0.3463167731623098
1.189375,0.17129523465966626,-0.4726739693239235
1.1895,-0.1977127676705155,-0.07798313819488867
1.189625,-0.1468087166738647,0.08871584143345199
1.18975,0.4320957099686951,0.09857180097558016
1.189875,0.4085305455608109,0.13269839511948636
1.19,-0.2009941034500835,0.04360625607544268
1.190125,-0.5137647787895417,-0.3143785764832474
1.19025,-0.36838687939134224,-0.24722979846693297
1.190375,-0.061087964030942035,0.2642147446979865
1.1905,0.030736263579007862,0.31688784648749024
1.190625,0.021566239753474874,-0.05357869838266578
1.19075,-0.13084205526151427,-0.2714801643676076
1.190875,-0.45716305248288225,-0.2230565988295663
1.191,-0.5138262274540878,-0.07588967910465622
1.191125,-0.023940087296060564,-0.007815423652508223
1.19125,0.311668830177281,-0.009697703990979812
1.191375,-0.1313328334580845,-0.0009640923778932453
1.1915,-0.21262457769506973,-0.090588895945827
1.191625,0.11407332906097292,-0.2190114215617258
1.19175,0.2963750903226405,0.1097382504918019
1.191875,0.11386059973523101,0.4333569930822926
1.192,0.0054276665350085065,-0.05234404725418454
1.192125,-0.07425711031810578,-0.4083838497649253
1.19225,-0.3346036653620067,-0.21621084694356016
1.192375,-0.13045437115510006,-0.08350056065669481
1.1925,0.27016474749659336,0.04118348853582369
1.192625,0.5327261940550437,0.0094781082978176
1.19275,0.1910517604685528,-0.06898176842032822
1.192875,-0.3589832528147247,-0.3496803085811198
1.193,-0.1787673413673615,-0.383276180557172
1.193125,0.2217321557304892,-0.0400314623068283
1.19325,0.28762868565685085,0.04149971508649891
1.193375,0.16953115417136574,-0.2081397993834954
1.1935,0.17964131650517332,-0.12895218941049705
1.193625,0.2326667124276555,0.13944056723589346
1.19375,-0.22831897929692094,0.4633896036085145
1.193875,0.21147178181379994,0.05881792227636561
1.194,0.3968811325351356,-0.03233724174815387
1.194125,-0.03312143826006538,-0.04714476924901605
1.19425,-0.35952646311682546,-0.09025350484336826
1.194375,-0.0850181319247199,-0.18823496676014578
1.1945,0.19589358309256888,0.33362001924638063
1.194625,-0.029042561716879283,0.5827421560596582
1.19475,-0.13163505304547488,0.3214982400777792
1.194875,-0.21053942096886272,-0.23186031801569196
1.195,-0.03304420180493153,-0.03346299171385337
1.195125,0.028849644181312705,0.21668555607641582
1.19525,0.33508100176323713,0.2823723639159232
1.195375,0.2811636466117586,0.25634295201064006
1.1955,0.16153297976591094,0.1035991922776975
1.195625,-0.4401268147050538,-0.08425614660034723
1.19575,-0.16189424016213355,0.05230673022883293
1.195875,0.14888366576506468,0.25261686025795255
1.196,0.2863550966566811,0.3115930942664404
1.196125,0.3069705729748466,0.04692573189312896
1.19625,0.16105484495232653,-0.41679758124796373
1.196375,-0.03972825696444804,-0.08678333990350877
1.1965,-0.34809909226798746,0.177174315735753
1.196625,0.05773947643111067,-0.03214848381448298
1.19675,0.1915771438948904,-0.09724352893126777
1.196875,0.10808946437599969,-0.020598903221204355
1.197,-0.5154396481245294,-0.17031475073307492
1.197125,-0.4063084079392856,-0.08205922750254571
1.19725,0.2830792027034761,0.21213725747901294
1.197375,0.11912146989260743,0.4540360989442727
1.1975,0.09476502297547022,0.2767681269519376
1.197625,-0.10874596277928816,-0.3338166030094324
1.19775,-0.08028794285659213,-0.18557805448182224
1.197875,-0.1916813551608699,0.03438808563185776
1.198,-0.07464322915995515,0.34808087416493605
1.198125,0.2830524635806159,0.10897854088103771
1.19825,0.02556461461106777,0.06108244995434916
1.198375,-0.35762152300218136,-0.013522168701864849
1.1985,-0.39490282247303227,-0.15931499243036829
1.198625,0.06425878705354635,0.10774072916576881
1.19875,0.23801776888419035,0.19688933304468906
1.198875,-0.3042811244049267,-0.03277676831593087
1.199,-0.47509286422054675,-0.4357298201078096
1.199125,-0.273626608474397,-0.3365915542519827
1.19925,-0.35879102066540725,0.15361578759526306
1.199375,-0.14800897946956562,0.22762538655562262
1.1995,0.1781389606467301,-0.04803610413525218
1.199625,0.25828505079898595,-0.03256400490830359
1.19975,-0.259083487856578,-0.014526726101115786
1.199875,-0.4528714196527624,-0.09754796060404033
1.2,0.11255200871486545,0.08410495823147397
1.200125,0.5645387760782241,0.10180014306874617
1.20025,0.13795792064294732,0.0749824750626715
1.200375,-0.3204166464642118,-0.1844042678667366
1.2005,-0.14792120776256024,-0.3055321130869388
1.200625,0.13628666582863808,0.13153654426570247
1.20075,0.4116439031320512,0.054439859609459115
1.200875,0.510157040692209,-0.2508017015369525
1.201,0.45206640540412657,-0.4092776845607778
1.201125,-0.21662025797255482,-0.34233622033204114
1.20125,-0.42848152411513624,-0.2949243680088586
1.201375,0.17710517209243593,-0.18753727774966833
1.2015,0.46075086147286826,0.18241111334652513
1.201625,0.19995189264289606,0.245209572874786
1.20175,-0.10913841613360133,-0.23415501841266814
1.201875,-0.04867617703387166,-0.3571809364906027
1.202,0.07559910709705316,0.20210211741263587
1.202125,0.18496349941216797,0.40480179569173713
1.20225,0.2255061984201239,0.16392142037692162
1.202375,0.16502714611972152,-0.30316975161293275
1.2025,-0.1933299577664406,-0.11262070459124142
1.202625,-0.5503801812407154,0.06867368823485662
1.20275,0.03086361382012194,0.40588553000137206
1.202875,0.41133059089925444,0.5380209066611725
1.203,0.14592096016610143,0.314337135089622
1.203125,-0.2821001615611797,-0.2255497343661062
1.20325,-0.2165526291443239,-0.2633989474855863
1.203375,-0.3063049359987973,0.14481638311894243
1.2035,-0.11435394079567644,0.5607500177726935
1.203625,0.4922219860914174,0.1931212276120775
1.20375,0.48237701858023685,-0.010109916945998746
1.203875,-0.07887097290127801,-0.08056066258991888
1.204,-0.38445343122222353,-0.022633334731500664
1.204125,-0.2624519566143562,0.11297104905861562
1.20425,0.26661966291816963,0.3890062481165027
1.204375,0.19571197046853897,0.37840304323470264
1.2045,0.06963095210582385,-0.31058386078900585
1.204625,-0.14233590903421237,-0.30452699168348984
1.20475,-0.1304625681516065,0.022034960362004464
1.204875,-0.08956477371479345,0.395733315100237
1.205,0.2578173937410944,0.2364449304233663
1.205125,0.2720389675808438,-0.1205498467142984
1.20525,-0.08891616343607817,-0.2563307817559828
1.205375,-0.26781324504759835,-0.20983431491996543
1.2055,-0.25178564339348547,0.1437895128419195
1.205625,0.4752489198851904,0.43352734277633986
1.20575,0.3514706721327318,0.37237766752986456
1.205875,-0.29358470693149796,-0.07289958679498902
1.206,-0.27614706174193737,-0.3974625871748573
1.206125,-0.07303945960842026,-0.3020960532605839
1.20625,0.0038721034823335112,0.18886261619871345
1.206375,0.10773328232109963,0.13850621836957944
1.2065,0.2495051515851753,-0.24617591155151544
1.206625,-0.1497251172066424,-0.32713963221513237
1.20675,-0.5619880592571302,-0.12375393954866752
1.206875,-0.3814619946012548,-0.11693340916858015
1.207,0.03439792362513888,0.1673352989786144
1.207125,-0.0638537406455046,0.21708101059428142
1.20725,-0.4202370711519785,-0.08718963520070365
1.207375,-0.4709460604441292,-0.4508286007167998
1.2075,-0.1920744141026718,-0.24979511784510103
1.207625,-0.03509059553377935,0.3662578730913143
1.20775,-0.112242688655406,0.47414366078796644
1.207875,-0.07285095316822304,-0.2523378099444811
1.208,-0.033930804370874465,-0.28735653589448873
1.208125,-0.20577501939071177,-0.07682071907928856
1.20825,-0.23589280688921016,0.07779215206943055
1.208375,0.33866283517413454,0.22404394726543653
1.2085,0.24824363207440264,0.27315474546412516
1.208625,-0.19054602635577242,-0.09196972223809742
1.20875,-0.361330955053501,-0.32518930875477986
1.208875,-0.0289710822855078,-0.2865272263319786
1.209,0.23662937596327435,0.07456967438159758
1.209125,0.331000508925725,0.0021320007371000075
1.20925,0.4695881066227814,-0.21031019977051854
1.209375,0.3183737621707324,-0.31976981024138285
1.2095,-0.27756207535986344,-0.16175410265697332
1.209625,-0.01505640194445298,-0.1582758360493229
1.20975,0.6807205762399015,-0.03720090259664103
1.209875,0.5664588620779528,-0.05218736587112207
1.21,0.016743416979348096,-0.09163887090880392
1.210125,-0.43357166183889545,-0.2804174802708638
1.21025,-0.21884102884933268,-0.14346483068978647
1.210375,0.3192259628758567,0.2335482391081615
1.2105,0.15642925734150948,0.3375867667929812
1.210625,0.0024684367987803635,-0.1817994591625926
1.21075,0.18463452815053533,-0.2751374478126261
1.210875,-0.15877273123604535,0.1479292129801622
1.211,-0.10274827016184877,0.18292707450652418
1.211125,0.25692825566584504,0.3600580771493366
1.21125,0.37096605297688373,0.4894171034852553
1.211375,-0.04280064485419875,0.13539034719295961
1.2115,-0.3959743243511635,-0.27221700566631674
1.211625,-0.09399515186804025,-0.09399388058653316
1.21175,0.20264070143226648,0.5414133049107517
1.211875,0.1867278561238858,0.6475998450083104
1.212,0.07483146185152731,0.012823556739590347
1.212125,0.0576497795700102,-0.35118899601769177
1.21225,-0.3883397910670619,-0.10513649131674016
1.212375,-0.28265713742793547,0.20264870972554905
1.2125,0.3529969488701307,0.15000584796519906
1.212625,0.47516151825560177,0.1189627709273885
1.21275,-0.13809817806185723,-0.149895462248788
1.212875,-0.5440080115322847,-0.22629837694501365
1.213,-0.17122960972498535,-0.10544378496100873
1.213125,0.04705334206214783,0.1592887754356275
1.21325,0.12071375630770141,0.09903151813674634
1.213375,-0.007479116811097489,-0.03888441978022373
1.2135,0.027521218476156132,-0.3369614926484383
1.213625,-0.293817931719077,-0.024411011537426454
1.21375,-0.3408655537993754,0.18734559691760422
1.213875,0.19692133075975723,0.23826044701143115
1.214,0.7461153380621743,0.03075701213325748
1.214125,0.18582562238161945,0.07437255472517418
1.21425,-0.5238308112682484,-0.3966610220179829
1.214375,-0.49408918711156924,-0.2197078637120474
1.2145,0.1776982193966898,0.3077129479021651
1.214625,0.08313311706853513,0.4228349880331604
1.21475,0.014022029866870619,0.015335885646933809
1.214875,-0.1800131240256132,-0.492785218218373
1.215,-0.21438178578399916,-0.3890658176349088
1.215125,-0.25507893718662966,0.2537888109559121
1.21525,-0.057236428433765495,0.12763625731642617
1.215375,0.39218672072197713,-0.024651553220145873
1.2155,0.029523685236441673,-0.1470616690258649
1.215625,-0.7264148573324537,-0.20818693363187674
1.21575,-0.4244013709081555,-0.14473262048871757
1.215875,0.04160940991200162,0.2855230372771785
1.216,0.15537721271408816,0.5403679974175553
1.216125,0.033140877789169174,0.036878407910162975
1.21625,-0.2680776454717846,-0.40979172562309846
1.216375,-0.2810062753823755,-0.33470630542385454
1.2165,-0.2422542319100939,-0.04168112735256469
1.216625,0.16659181729476033,0.12301556527447127
1.21675,0.48741400454801237,0.10858888839055623
1.216875,0.24316544591858136,0.02350462629992272
1.217,-0.3903273782692218,-0.24162938575815118
1.217125,-0.28602688590824604,-0.22702903999541899
1.21725,0.36612082998437,-0.13755159879747517
1.217375,0.47722977559490803,0.3869925814183831
1.2175,0.22691422988497725,0.05952860249952985
1.217625,-0.04755655101037596,-0.5261855125727453
1.21775,0.010637782666181445,-0.3169473173444455
1.217875,-0.185942425172407,0.18082541984370135
1.218,-0.11892429684382282,0.35220618838529916
1.218125,0.4636972100608949,-0.063502507655245
1.21825,0.10875629528570754,-0.17267835960540012
1.218375,-0.20024248069313622,-0.3432009256174953
1.2185,-0.41447823545362933,-0.48586894576260026
1.218625,0.23471556500700794,-0.044574409716464536
1.21875,0.33754054183809495,0.5837155359983003
1.218875,0.17736340348239987,0.2595376398973544
1.219,-0.0008679316247560325,-0.3891201919722687
1.219125,0.0323727463480485,-0.23801876030492658
1.21925,-0.03676211513018542,0.3751663490520569
1.219375,0.00698226407450493,0.3946343917635249
1.2195,0.3121923497270439,0.18428382863719844
1.219625,0.2801847593508245,0.1683845160257398
1.21975,-0.2507699677611132,0.041088402175986485
1.219875,-0.2652065951731717,-0.2732729198909882
1.22,0.2654183976415718,0.09118583594108508
1.220125,0.5412711713580975,0.3645350607640643
1.22025,0.19360782888416248,0.18498285879869555
1.220375,-0.1305244301360783,-0.21702140869702244
1.2205,-0.0076515832324235275,-0.2716098753178306
1.220625,0.02195286079316248,0.24775662083104413
1.22075,0.08891852639387196,0.5148383329924571
1.220875,0.2286348221842353,0.3331478470762532
1.221,0.0491317667130314,0.0009423436105198908
1.221125,-0.17879448812128546,-0.03328809333496449
1.22125,-0.2925468130337705,-0.010156071747404606
1.221375,0.19538111843230616,0.07386782400162817
1.2215,0.6390038448659152,0.2887510711786487
1.221625,0.2523818589155315,0.26621175923999707
1.22175,-0.18277125691041757,-0.2621926386494
1.221875,-0.23788963129293242,-0.3448657752453607
1.222,-0.460759324151199,0.21784706906051465
1.222125,-0.08062234333000623,0.46988165993533326
1.22225,0.2942379274462005,0.021722110040878276
1.222375,0.21808404813681959,-0.18383299188579047
1.2225,-0.3103138164538138,-0.12108735062820347
1.222625,-0.7007386724280791,0.04737685691203145
1.22275,-0.004097702134334057,-0.0586480406396343
1.222875,0.3995614596084549,0.12320605624970069
1.223,0.12552964784543535,0.14615698559582038
1.223125,-0.2800384545069993,-0.29081085889472674
1.22325,-0.3988124056537734,-0.10926349600692413
1.223375,-0.327126302218886,0.24826798932609656
1.2235,0.008953344126001385,0.560594512209144
1.223625,0.24148160055012796,0.2271378770128016
1.22375,0.2729286157106528,-0.25486519667345864
1.223875,-0.41615752496362535,-0.19002967158976053
1.224,-0.610580064578683,-0.29235320862452757
1.224125,-0.2578942803612883,-0.1981074668766214
1.22425,0.25699974008544885,0.280998580458808
1.224375,0.14102761402829816,0.334947628833992
1.2245,-0.6513187989650464,-0.26247010910791624
1.224625,-0.40280158309676206,-0.5964576820961018
1.22475,-0.03158325921176419,-0.04295310878481409
1.224875,0.10079182573894882,0.33118081675772665
1.225,0.2576535055048577,0.23024902447729634
1.225125,0.06045463732769402,-0.3799111202731427
1.22525,0.1820484647614245,-0.3761683255945313
1.225375,-0.4095540394807283,-0.04335841959556601
1.2255,0.09073838804991118,0.023903753374889477
1.225625,0.5138047683474782,0.1378129487150974
1.22575,0.5362950252180312,-0.019370872655274075
1.225875,-0.019698484487988006,-0.16826837553522514
1.226,-0.09819107719692909,-0.6118679113953682
1.226125,-0.047896348208620126,-0.4355308820746555
1.22625,0.2103227770743872,0.18605254476239858
1.226375,0.3368107304736865,0.17133111189996075
1.2265,0.34016864069098895,-0.5212500101945444
1.226625,0.24442495232114764,-0.3983005139725883
1.22675,-0.3585380577286532,-0.07827034980069572
1.226875,-0.20002103909827604,0.15943908271010201
1.227,0.4278053957235977,-0.03738976976962554
1.227125,0.2644413803699667,0.17269389922859002
1.22725,0.04042028452721971,-0.08289316291960032
1.227375,-0.02386577611152317,-0.31590397869283976
1.2275,0.0789599642150822,-0.07221195414817973
1.227625,-0.032269652871208226,0.47034692601017986
1.22775,0.06542620703552546,0.37962078160934204
1.227875,0.08617708994629335,-0.10029762208684533
1.228,-0.2648296540043515,-0.06031047614093056
1.228125,-0.32880375752335633,0.1503568947411179
1.22825,-0.07574582058006238,0.044682567037478936
1.228375,0.5363839196208656,0.31417996731091663
1.2285,0.5218352689126434,0.3579891966215069
1.228625,-0.1093773041681326,0.18544165082214642
1.22875,-0.3961631456821505,-0.3154583647438324
1.228875,-0.13893632266524678,-0.1439620971800049
1.229,0.0716642762637402,0.32987364459910096
1.229125,0.11659594538888347,0.33505301724537906
1.22925,0.12773476830679475,0.01316890501473234
1.229375,0.018060584464672524,0.07857670823790013
1.2295,-0.45773254090556953,0.1474159074469531
1.229625,-0.3891973004019929,0.0850990296412904
1.22975,0.35474114747582147,0.25019464652231005
1.229875,0.30212071443963007,0.0342237482058223
1.23,-0.0677818688327547,0.017122125188652387
1.230125,-0.7916877121051094,-0.2957754574270342
1.23025,-0.23462661426894124,0.05553572792410407
1.230375,0.3290046932058715,0.34303152094851685
1.2305,0.2286349817963671,0.36667896116357396
1.230625,0.16120023032107117,-0.02809177085873016
1.23075,-0.06461763303320238,-0.493702669124318
1.230875,-0.37387697864755914,-0.12248742430682016
1.231,-0.3225886241246251,0.11045590433853189
1.231125,0.2356791048142723,0.11954032365782581
1.23125,0.33590097084300347,0.17592396608049182
1.231375,-0.05573681109636551,0.17195085897675022
1.2315,-0.46651738971576184,-0.25243526938966915
1.231625,-0.021746265670203786,-0.24953686168067243
1.23175,0.3679287442029651,0.14469970801853976
1.231875,0.222394529946564,0.3037370481654244
1.232,0.02028331798087234,-0.2273015283392594
1.232125,-0.21097123653565888,-0.5458690943986214
1.23225,-0.46693685007108077,-0.13727847933379142
1.232375,-0.6575983860074226,0.16758086802778982
1.2325,-0.0680444942776784,0.3294670050504261
1.232625,0.27798756354904686,0.10810388931274438
1.23275,0.00015342843302107087,-0.17404717019390215
1.232875,-0.6507515887062553,-0.4182951131011486
1.233,-0.3117530423258148,-0.3374693766968344
1.233125,0.10074602395423296,0.13223649968395387
1.23325,0.1995584631097079,0.41339051362747364
1.233375,-0.004185046179767555,-0.10932456225112196
1.2335,0.06013360942043393,-0.4331087675800177
1.233625,-0.19243992061513301,-0.1271977428624482
1.23375,-0.037968612653386885,0.26890144534357874
1.233875,0.49521575083201325,0.10850854460573132
1.234,0.8140716745296713,0.09735849699476043
1.234125,0.20584561512444632,-0.2419032675965149
1.23425,-0.3632081307726987,-0.6477570878264006
1.234375,-0.06765132741454145,-0.5946202529674974
1.2345,0.6403123785537503,0.0032235426022986674
1.234625,0.4583518179191933,0.46145449272365696
1.23475,0.2001874272944454,-0.14494963197312535
1.234875,-0.033866026191729036,-0.5525438568287555
1.235,-0.22823048394558781,-0.318932194674149
1.235125,-0.32196401399299246,0.0635963267613073
1.23525,0.023581185493035287,0.1838403789684742
1.235375,0.7974062102003995,-0.06797799917971697
1.2355,0.16632476727403758,-0.17428396796092138
1.235625,-0.6683711317315142,-0.3753024240992711
1.23575,-0.3835319495587032,-0.08312660842257144
1.235875,0.2677325049783617,0.4514806440294243
1.236,0.5118687787991777,0.633278180474488
1.236125,0.008768535139722438,0.29081403951957435
1.23625,-0.04948182056106803,-0.168228201631449
1.236375,-0.28053381486028023,-0.02061337458093976
1.2365,-0.5438239185407094,0.45114085567992046
1.236625,0.12760387779167592,0.5665084568163159
1.23675,0.5971609090454043,0.08682956451377861
1.236875,0.3673132183142766,-0.05778739697300915
1.237,-0.5949842478439474,-0.27764934020417786
1.237125,-0.40098245829331286,-0.4678957780983908
1.23725,0.20755599386867307,0.21362466885247638
1.237375,0.2907003694778274,0.41227907465077057
1.2375,-0.012099010331415866,0.1084319122086133
1.237625,-0.15587962951790013,-0.43546655731480444
1.23775,-0.06085089167974385,-0.3551700495017409
1.237875,-0.13126386645686344,0.25706721361758983
1.238,0.01556999356651617,0.5055664051598059
1.238125,0.2768448906469048,0.18251311968352704
1.23825,0.1615897656902745,-0.05318398168130378
1.238375,-0.4622673583312479,-0.18848915259237142
1.2385,-0.3922479341944282,-0.3521640922998207
1.238625,0.10200138662164376,-0.014046007841399534
1.23875,0.43427045498906763,0.6977603320492457
1.238875,0.14182950874475156,0.4275444001312506
1.239,-0.23069203661084278,-0.3820354029205409
1.239125,-0.2979129789740291,-0.47606724260336475
1.23925,-0.094986497287127,0.08064987494826682
1.239375,-0.22496314517377625,0.27896640830360636
1.2395,0.10230021722570601,-0.0015662197435816333
1.239625,0.14838819530459718,-0.01901355789549172
1.23975,-0.24638643498592402,-0.128930928564917
1.239875,-0.15457230165522873,-0.18329563390083337
1.24,0.023640086215308404,-0.06838470039555296
1.240125,0.2964173995340422,0.2586741301623437
1.24025,-0.23041726714202387,0.00010729952834672864
1.240375,-0.44797825056003393,-0.28752149309838293
1.2405,-0.40834996240471033,-0.34540260220632346
1.240625,-0.30374694044095846,0.1341357075434763
1.24075,-0.26094983065965666,0.28594863529712544
1.240875,0.1465095964458247,0.07195081371369177
1.241,0.29543660838811714,-0.20733444530497513
1.241125,-0.49295200438764974,-0.17958077420229954
1.24125,-0.7596565638723476,-0.08146138510851819
1.241375,-0.2894808006670298,-0.15220923080922213
1.2415,0.30972488246212715,0.08667173048212809
1.241625,0.06668792700742894,-0.07379304331479482
1.24175,-0.0221500707946757,-0.22402587923765532
1.241875,-0.03209623923994706,-0.28401273691068063
1.242,-0.1582605051206919,0.19785051244337143
1.242125,0.2619815992122458,0.3630505483937178
1.24225,0.4966082897933731,-0.17937835180195677
1.242375,0.4094068465830127,-0.3226818954715756
1.2425,0.027897972457372522,-0.3075372518654554
1.242625,-0.6864472555332267,-0.12653971763495234
1.24275,0.040651875847895313,-0.0943459131653202
1.242875,0.8058040450174522,0.2110012015280087
1.243,0.18346553140051283,0.09066340821187721
1.243125,-0.001971518328973137,-0.5891230295007115
1.24325,-0.07444994038943704,-0.7366114036611997
1.243375,-0.01556192561651828,-0.07660382985039854
1.2435,0.19783101411527543,0.2886454614989464
1.243625,0.2649065138469475,0.10213674990901284
1.24375,0.5136095302951191,-0.1864557173891231
1.243875,0.11290952956610746,0.061745224966665194
1.244,-0.2807048687679042,-0.03556559952520338
1.244125,-0.04570893780969856,0.14090985450777616
1.24425,0.45074967662065585,0.45277471064204805
1.244375,0.3483779831164781,0.4471689031641654
1.2445,-0.32850090392350056,0.013794024031080281
1.244625,-0.3070570156408249,-0.3674682876026917
1.24475,-0.10982630239442709,0.007297158267528668
1.244875,0.07190668867199461,0.6706069448106113
1.245,0.4848948957054341,0.3811197065792905
1.245125,0.44575057932259604,-0.062076968995834335
1.24525,0.06152482148895531,-0.231039718072875
1.245375,-0.4827838844937383,0.04177869293125355
1.2455,-0.06383557822698117,0.01862062391307912
1.245625,0.3826630293359643,0.2759681838200168
1.24575,0.2326695714608755,0.5329060057511906
1.245875,-0.1337015552975179,-0.140850070842844
1.246,-0.5015001755442741,-0.2801590592598641
1.246125,-0.14897100725122975,0.019515356770336424
1.24625,-0.16356815802120395,0.48337040471638665
1.246375,0.26812890246710824,0.181460064056333
1.2465,0.4231120516103351,-0.10745742154142876
1.246625,0.11984891127748747,-0.398481814269357
1.24675,-0.4445247628797143,-0.19512226059250895
1.246875,-0.21346332280861557,0.13317890328440551
1.247,0.31230003153492447,0.35468233809616456
1.247125,0.3342873691852933,0.4197333858654606
1.24725,-0.28848291228735734,0.09708094925578642
1.247375,-0.48549139355829257,-0.36729848759758116
1.2475,-0.10293810229440192,-0.17952378620868487
1.247625,-0.16059558779509453,0.32022148630755315
1.24775,-0.01980980955860915,0.17383438788065592
1.247875,0.07339404063706575,-0.372244351897498
1.248,-0.010090490336987865,-0.5418614821489705
1.248125,-0.8239821870084522,-0.0679151342004955
1.24825,-0.3751152652729311,-0.12513550684325062
1.248375,0.24607091491243802,0.19237279906866142
1.2485,0.3138363460776316,0.47327366666343346
1.248625,-0.36835960044513566,0.11039842553824591
1.24875,-0.5153801951772142,-0.3598298429861607
1.248875,-0.17720432450585863,-0.19181463846529703
1.249,-0.06618711539352742,0.2898880389820557
1.249125,0.29996848804986176,0.2547025451892408
1.24925,0.11230021327706123,-0.2704523969050225
1.249375,-0.08048348837993599,-0.43958492130053656
1.2495,-0.5334491243444264,-0.051918437748181806
1.249625,-0.3899588010000792,-0.004452576198272282
1.24975,0.33945311430449354,0.011613855181796225
1.249875,0.6994947933305146,0.09775946428011816
1.25,0.011181003978296189,-0.14012370899082519
1.250125,-0.5477874466286964,-0.5240522134681711
1.25025,-0.26692787937520784,-0.43997214468155976
1.250375,0.27500623069029406,0.20910789310590167
1.2505,0.08767442938787459,0.2527380502746215
1.250625,0.21189669793121568,-0.16026996397435583
1.25075,0.043266531484532106,-0.60705700568226
1.250875,-0.27822187580625757,-0.22889122256401884
1.251,-0.20131197904861736,-0.08656009840283738
1.251125,0.49541221605112334,0.24807103636210756
1.25125,0.7018007231879679,0.18622022589333684
1.251375,-0.08434605163998427,0.06064394191628417
1.2515,-0.15166198814337417,-0.5342119625168182
1.251625,0.03070675647106189,-0.4295081848872655
1.25175,0.45223139713625155,0.3314050733443466
1.251875,0.4288036612353807,0.5263401560757173
1.252,0.24103975801758798,-0.10410986773057751
1.252125,0.19742869329600898,-0.49905710919310464
1.25225,-0.0005794956759446522,-0.24427794549398177
1.252375,-0.36946904256109925,0.12810050342440404
1.2525,0.13060726571812262,0.14925220972250808
1.252625,0.4504116721106548,0.10425928977908921
1.25275,-0.0020742348391912502,-0.007749382414052806
1.252875,-0.5050203345260097,-0.25863926656007535
1.253,-0.36559374164473796,-0.2925366882643637
1.253125,0.29961235809021647,0.4459805192682163
1.25325,0.16187567688332594,0.6513259771695341
1.253375,0.013713034266455936,0.036085192649447186
1.2535,-0.14590400579723933,-0.1809744679403149
1.253625,-0.3936636048608384,0.01073122634912962
1.25375,-0.21540717593339956,0.2904780061327241
1.253875,0.23287183743230122,0.29459238135253873
1.254,0.5748054868025123,0.30820031892487487
1.254125,-0.131586510339936,0.1710481819331146
1.25425,-0.657457870587717,0.08943390903432685
1.254375,-0.31052246472231054,-0.2783393217700944
1.2545,0.19119486288250132,0.04575851074649532
1.254625,0.13214717299678574,0.5281236275468192
1.25475,0.06222860940489276,-0.03464296384675454
1.254875,0.024871961251689056,-0.4209114440088926
1.255,-0.48711271773802656,-0.41342406918634356
1.255125,-0.47784241492513035,0.14613975689060224
1.25525,0.20940746406626704,0.12962633877609694
1.255375,0.7271459725443447,0.019460011168125985
1.2555,0.16436366870913474,0.05619745589583003
1.255625,-0.36628742576046563,-0.1854846018488738
1.25575,-0.401943103326515,-0.3487611489120285
1.255875,0.13464171217670898,0.18099212641354798
1.256,0.1549931580778149,0.39346669669805884
1.256125,-0.049312555840336524,0.00394569302195889
1.25625,-0.12417161206322591,-0.39486807050284506
1.256375,-0.24054435274344133,-0.23960016189601052
1.2565,-0.22333274000986575,0.09697577255962192
1.256625,-0.1273989357995017,-0.027347608730494053
1.25675,0.24945274007913043,-0.011018551449222723
1.256875,-0.11798931190864753,0.050664285414016866
1.257,-0.683105037218335,-0.14284338836241542
1.257125,-0.5441924923764122,-0.33215242902721154
1.25725,-0.12881926974410082,0.005879220026981671
1.257375,0.09718574308434762,0.5330199685052744
1.2575,-0.12492597795440122,0.20739516864613386
1.257625,-0.11102714118909524,-0.29858480318753006
1.25775,-0.2093690180419145,-0.3834305356161568
1.257875,-0.16482098602599923,0.11324971059037764
1.258,-0.11667780833107273,0.2091175914767031
1.258125,0.31330073988028323,0.08795076440850605
1.25825,0.1458291024726425,-0.04149774857169086
1.258375,-0.49099860402346396,-0.20862635436264554
1.2585,-0.398344880702742,-0.2091071721208111
1.258625,0.41891034332631755,-0.10873017965878823
1.25875,0.5302438598872681,0.3006307351700509
1.258875,0.26106667001468276,-0.06314241945276854
1.259,0.16901378054854344,-0.4303286178857397
1.259125,0.1503322656095533,-0.38639313202873427
1.25925,-0.20898219518601877,-0.01680136770436681
1.259375,-0.07431750728683642,0.17649887940683287
1.2595,0.5348293477358599,0.13907622977017026
1.259625,0.2937421071402602,-0.21094683291768465
1.25975,-0.3560493781187633,-0.22261846513086075
1.259875,-0.3849650942300817,-0.3737182892555238
1.26,0.4027152355599919,-0.11875593829235362
1.260125,0.6994698926495009,0.3220123552946669
1.26025,0.247648218568821,0.2680470563845908
1.260375,-0.2991436870810837,-0.46466729177338895
1.2605,-0.3230511093586561,-0.35969324099126304
1.260625,-0.08924515565885303,0.33669984150282056
1.26075,-0.0701251132880324,0.5080090825018003
1.260875,0.461329026672339,0.1725616102510092
1.261,0.31264124274345956,0.10389176790581187
1.261125,-0.13989455837191586,-0.029511309218015782
1.26125,-0.30836836127820627,-0.12781840358787205
1.261375,0.2336925902177174,0.07031154475068833
1.2615,0.478975624251639,0.40639564889247837
1.261625,0.289138088052975,0.3862742777876945
1.26175,-0.2291901361902587,-0.1687356986343501
1.261875,-0.30024142978481,-0.31961795550828775
1.262,-0.05110562268251188,0.20342552851349088
1.262125,0.11709699420021662,0.5568366631611492
1.26225,0.507845516271874,0.09906865304026372
1.262375,0.33267626670271105,-0.15388245444276563
1.2625,-0.4434213317169531,-0.251615097211385
1.262625,-0.6715106704568434,-0.04269866049455231
1.26275,-0.08172247581573751,0.07850693814194318
1.262875,0.5985333306135661,0.38707866873026076
1.263,0.2534778726984899,0.4372040803128397
1.263125,-0.23060673792562314,-0.013834293674494494
1.26325,-0.28569729990502135,-0.22531581664431985
1.263375,-0.08765658309766355,0.2107186668277949
1.2635,0.29575127292825426,0.4964316091590646
1.263625,0.23174596030705155,0.16096587759857706
1.26375,0.26596281253639087,-0.1620278462999024
1.263875,-0.18250549589109472,-0.2501471673201101
1.264,-0.28874756271085156,-0.08173699006785201
1.264125,0.17566280575526533,-0.012827093347925063
1.26425,0.44898864038339087,0.33304186871152397
1.264375,0.05763758130344508,0.28099513643943635
1.2645,-0.8535682808448585,-0.36199128023633886
1.264625,-0.7200616533823994,-0.7146517353009889
1.26475,-0.40639678288624626,-0.14504501094257372
1.264875,0.06301729156390443,0.47397948657446537
1.265,0.16097948175698035,0.18776549857005442
1.265125,0.31072923814793924,-0.3001944119465665
1.26525,-0.1041547240250822,-0.230587858083178
1.265375,-0.2880214597920698,0.11167686022157135
1.2655,-0.10944451101071331,0.08941685158383066
1.265625,0.3083511279794616,0.09124604019422623
1.26575,0.19060558691483542,0.10345497779578292
1.265875,-0.43721093544223266,-0.24546723373147095
1.266,-0.5902277747108183,-0.379687628663564
1.266125,0.009697300000545094,0.21494483672335574
1.26625,0.06975908689118698,0.45196927257707703
1.266375,0.06852729937078955,-0.05052686343238678
1.2665,0.2741750448390476,-0.45114928561524587
1.266625,-0.022648984028111618,-0.64122487571332
1.26675,-0.5214836246811848,-0.133322870652968
1.266875,0.0032348202254063544,0.026500116566913347
1.267,0.3642459534007493,0.22045639688053456
1.267125,0.6255318606130699,0.29168723304005834
1.26725,0.0763135322013349,-0.06849287941086606
1.267375,-0.2520870829339162,-0.34090664412508953
1.2675,-0.10770616704603651,-0.2991334104024091
1.267625,0.19932191267436852,0.3279432247936832
1.26775,0.26177315621371616,0.2214483331339798
1.267875,0.1316163710851153,-0.45718574571972226
1.268,0.013048678683244072,-0.5419830009531462
1.268125,-0.17932315685809105,0.02177015519305521
1.26825,0.1626715703899203,-0.01997524260969435
1.268375,0.6533141999827975,0.2860392372882207
1.2685,0.5426541870555134,0.1389165993532598
1.268625,-0.47226425451985404,-0.06950332716099734
1.26875,-0.6472322066430812,-0.37519982643613276
1.268875,-0.04723059632244599,-0.21916213873892743
1.269,0.31907316674183944,0.2784745494934088
1.269125,0.1681357402562029,0.3252049518937068
1.26925,0.2611778350579307,0.09591909242690945
1.269375,-0.028417376176859244,-0.03438668019186119
1.2695,-0.4137854336955322,-0.059456817994815905
1.269625,-0.31798798159315084,0.21897120316212418
1.26975,0.5219501587045771,0.07401348829772092
1.269875,0.8121263572438803,0.1227346403353321
1.27,-0.047226164964915475,0.08459846311161658
1.270125,-0.5955067123016301,-0.1326767354964641
1.27025,0.03553737884247355,0.16195971464086417
1.270375,0.3390530201155625,0.48866537324147186
1.2705,0.34520368924932643,0.5264593445384698
1.270625,0.02113375235390148,-0.24026830086574602
1.27075,0.12168606607074575,-0.44175213626865745
1.270875,-0.29715128747284236,-0.07386793098126478
1.271,-0.21960321663535784,0.3306468956103903
1.271125,0.48733565502374787,0.37867223873479766
1.27125,0.5726643247448815,0.2175024033734945
1.271375,-0.042261272074960304,-0.09841685897766567
1.2715,-0.5091987478143545,-0.38637684990140886
1.271625,-0.28034525289498846,-0.13079717883329264
1.27175,0.08387789743814238,0.5713742157992225
1.271875,0.1793369664482143,0.6850852277766947
1.272,-0.0925718390496272,-0.03613430605041033
1.272125,-0.16201206159372497,-0.2802952290640793
1.27225,-0.13140774624099424,-0.1463734273992595
1.272375,-0.28246887225469475,0.2823752102435141
1.2725,0.44017181398631827,0.1841327761153158
1.272625,0.6529855772755183,0.15667917058071396
1.27275,-0.019069535639982767,-0.11758952402659985
1.272875,-0.6885573793795924,-0.3687616979184551
1.273,-0.41310108207569707,-0.2948330466368494
1.273125,0.006573716465027415,0.3559896898034565
1.27325,0.032255901298402764,0.5132618278616686
1.273375,0.07165655435565887,-0.14266166033893082
1.2735,-0.27367038904862895,-0.2136898481101534
1.273625,-0.4149536359959285,-0.08877635192543334
1.27375,-0.4787314424535141,0.14582631222025763
1.273875,-0.01322124100722045,-0.05087688276813011
1.274,0.31493600671590166,-0.1601968596886699
1.274125,-0.03721660086901412,-0.20661877199347828
1.27425,-0.7003700193412428,-0.2171637762771721
1.274375,-0.4843406525512564,-0.08746103241568913
1.2745,0.18156966948496273,0.37571376227921993
1.274625,0.1514637916740246,0.6221704183626607
1.27475,-0.09025981179498763,-0.09008433457360047
1.274875,0.006387584033000339,-0.6525977491087451
1.275,-0.07484257705904399,-0.37565879541064345
1.275125,-0.17586754998499515,0.1933890318576257
1.27525,-0.013196846834615647,-0.042886365284078805
1.275375,0.5564006725795169,-0.1141548398664274
1.2755,0.3641493612376746,-0.2021958639068316
1.275625,-0.2593927543244924,-0.26668650721161175
1.27575,-0.033808122939868804,-0.5492703324340933
1.275875,0.44569149140210523,0.015197360002231871
1.276,0.33698055960888046,0.2749590417897836
1.276125,0.08087619883595616,-0.1150444517290194
1.27625,-0.04073505104941257,-0.5473890683258177
1.276375,-0.2100865443705483,-0.2640066290578042
1.2765,-0.06290998465470084,0.15106450775287858
1.276625,0.5004897136012539,0.028920797570465895
1.27675,0.6263262828242449,-0.1202314461766978
1.276875,0.1535216002206498,-0.17646416259041228
1.277,-0.5173798304158758,-0.18501753861382209
1.277125,-0.4691456685598684,-0.0962377698890103
1.27725,0.19945064506546126,-0.1088784524299657
1.277375,0.49381036395458777,0.48392160104350834
1.2775,0.184400174989807,0.3432603436027106
1.277625,0.013563208400928638,-0.26003559896183426
1.27775,-0.08240467201077438,-0.09646255923230401
1.277875,-0.2839777172962402,0.3903988002523284
1.278,-0.038578698095594804,0.29618269373866635
1.278125,0.3748685379444929,0.15267549370487446
1.27825,0.21223974473343019,-0.10139554017811435
1.278375,-0.42664944029143115,-0.14311154717002872
1.2785,-0.32298260803019174,-0.13497614944105046
1.278625,0.16802954552554045,0.2601909522586594
1.27875,0.301693235396188,0.7044202686889738
1.278875,-0.06782622213211892,0.2222708790687653
1.279,-0.24862764381322594,-0.3872211396142026
1.279125,-0.051458073061737476,-0.41187992047997457
1.27925,-0.0724284335388986,0.25710819640403143
1.279375,-0.04181725292266767,0.44428660267250697
1.2795,0.3056326884530531,0.3624716146462781
1.279625,0.2699824379928826,0.11159902325994092
1.27975,-0.42111301094447434,-0.16576453935331997
1.279875,-0.393716422959814,-0.024670684841286976
1.28,0.029700502698764585,-0.08224946392014039
1.280125,0.4971819998645808,0.1872537443301853
1.28025,-0.04886553479356459,0.11664478595343024
1.280375,-0.3452270708674445,-0.2456271901197482
1.2805,-0.36843666988614576,-0.2122165041831765
1.280625,-0.2691950453581981,0.02775591437258519
1.28075,-0.16240250145857027,0.33522541476097606
1.280875,0.4131813283374732,0.01907157072310218
1.281,0.4134549757313584,-0.335783891804447
1.281125,-0.14635343619336103,-0.06540248073996341
1.28125,-0.49482731403260777,-0.06407312798172551
1.281375,-0.16067070976186804,-0.04810447565688446
1.2815,0.4334271125552314,0.3639574606246176
1.281625,0.013133914644148148,0.13120470167590678
1.28175,-0.5183516180835149,-0.4422131407310501
1.281875,-0.596576380311347,-0.4636484619614288
1.282,-0.3571521049271536,0.03633931486219314
1.282125,-0.27306877063538537,0.278417552084717
1.28225,0.01857888311846346,0.027664142649212315
1.282375,0.06310188650220926,-0.2245640100375186
1.2825,-0.5373584450505821,-0.2775609960289798
1.282625,-0.7246217818111523,-0.3328755812868952
1.28275,-0.054755210323015995,-0.031429401342890836
1.282875,0.4442915514676757,0.3649855920670234
1.283,0.33209721447150914,0.518044567321214
1.283125,-0.032481707113016046,-0.07871328564412537
1.28325,-0.09728568326344085,-0.43080986879101646
1.283375,0.08648272489728422,-0.04814373009306572
1.2835,0.1236247029245413,0.26087174398982144
1.283625,0.5299487885021598,-0.15918494923584278
1.28375,0.5641580360902059,-0.3254627207797873
1.283875,0.15316050040437937,-0.48645225121097124
1.284,-0.15895612669333437,-0.32560887997664717
1.284125,-0.03288218365429517,-0.14514630741584938
1.28425,0.49186849420567536,0.1457690910850576
1.284375,0.21600285356747798,0.11164285903855801
1.2845,-0.15342774424575473,-0.5761822390398784
1.284625,0.02138361685295079,-0.5769523982961515
1.28475,0.2233723466816637,-0.019508268549200215
1.284875,0.27119819535335066,0.5708967247765544
1.285,0.47766869612967594,0.2351689890780013
1.285125,0.3784882850552871,-0.2225234127640525
1.28525,-0.29625634354287084,-0.0952158592007111
1.285375,-0.3606752123326804,0.03225496302258114
1.2855,0.14424510233675772,0.026236650063750172
1.285625,0.6147229958500988,0.16895462625068333
1.28575,0.3957101439622717,0.5103054537461793
1.285875,-0.37747683862389775,0.18069531196546207
1.286,-0.42762600584743066,-0.15779783854447094
1.286125,0.1721650299395792,0.12341622064845244
1.28625,0.1900335583046415,0.3446025919086148
1.286375,0.07016768831350163,0.4010986306996361
1.2865,-0.016801149678694373,-0.21101866989503093
1.286625,-0.0838157333791105,0.07301772568036351
1.28675,-0.4751772717625097,0.09959454688377432
1.286875,0.004384367936775573,0.10796049332590892
1.287,0.3865799777566602,0.3469536470829222
1.287125,0.34375694667472295,0.21667435154960013
1.28725,-0.13711591431422365,-0.2821690299853081
1.287375,-0.4033711415886702,-0.5167174830742233
1.2875,0.1165376522174955,0.06376965864692019
1.287625,0.4020864456104663,0.489119314028278
1.28775,0.2446954709641607,0.06934565172511206
1.287875,-0.09504495793378324,-0.16928876511963506
1.288,-0.20016026587049546,-0.27073817123938604
1.288125,-0.605195926877249,0.04123399203910406
1.28825,-0.14710381257825683,0.1283116804519205
1.288375,0.4308090511257998,0.12136931417315143
1.2885,0.6092503798200182,0.22557583552341182
1.288625,0.10221445992242352,0.048199605886238554
1.28875,-0.3177790302892892,-0.4458008798824867
1.288875,-0.013991911925743922,-0.10528221682921308
1.289,0.20559262681972879,0.5789826667261134
1.289125,-0.04813691483412644,0.2477207330231793
1.28925,0.08970152230444807,-0.26250311188361103
1.289375,-0.0034895624423092212,-0.40685655657330416
1.2895,-0.22875199333528262,0.058369012913597765
1.289625,-0.19617043142159787,0.36638516403167715
1.28975,0.21807796778309707,0.15538566129995374
1.289875,0.2765220810193207,0.11839500343878086
1.29,-0.38355395815768417,-0.32074181143781144
1.290125,-0.5311566860908418,-0.542910411715855
1.29025,-0.35108014079002636,-0.2988768046662088
1.290375,-0.07000192397241893,0.31925927813407834
1.2905,0.050361326018845576,0.46017056444295656
1.290625,-0.07591419869281373,-0.07884350314222537
1.29075,0.042672520419467196,-0.2815020282234792
1.290875,-0.35729840916919625,-0.048755289768709784
1.291,-0.5061693432075905,0.11033759568092054
1.291125,0.0439215712930731,-0.07669336592221268
1.29125,0.3436642401495132,-0.03013892829592189
1.291375,-0.14716489793533608,0.12203834931450945
1.2915,-0.25187438104791326,-0.06970843088379125
1.291625,-0.05742663174861396,-0.03752349255394517
1.29175,0.17331745042008986,0.3050383777398618
1.291875,0.27688998474344567,0.08563583534292432
1.292,0.1358290010250165,-0.22920281601515077
1.292125,0.13792728172345733,-0.44179992638302246
1.29225,0.10242006407444293,-0.3370551018415228
1.292375,-0.16353277015789114,0.03469675078423304
1.2925,0.42340786436712863,-0.049172257221294736
1.292625,0.6117527345115238,-0.03283538874241245
1.29275,0.0005439538744790928,-0.042384942359683236
1.292875,-0.3035914475893323,-0.3311600067982672
1.293,-0.09576685656531775,-0.4850551789035408
1.293125,0.29572762696605565,0.17403696830844131
1.29325,0.2765678409514427,0.1462494428257253
1.293375,0.10830367645782774,-0.14208376100587042
1.2935,0.2797571044288535,-0.37290491569111955
1.293625,-0.08818082468008422,-0.17316261688767468
1.29375,-0.14554387601405253,0.19563025938355003
1.293875,0.11972617157365319,0.13108232693204364
1.294,0.32488130778082214,0.18145819118992956
1.294125,-0.09661446373062557,0.07127100225247442
1.29425,-0.5204142692018247,-0.07004575408746085
1.294375,-0.25095967037187605,0.07001586023389814
1.2945,0.17742841465047535,0.3612181243638344
1.294625,0.3861705108767731,0.5178067291669887
1.29475,0.05765607340412203,0.09114304901642706
1.294875,-0.10275973123811948,-0.2921282609983077
1.295,-0.03644605235897522,-0.14909954984862064
1.295125,-0.11385416543781125,0.19874560679427183
1.29525,0.0836020428569868,0.30746109900653124
1.295375,0.5321379211943054,0.12466588763512491
1.2955,0.2778240725890299,0.17977262380522355
1.295625,-0.5745952178824975,0.137893578739518
1.29575,-0.3262735822294471,-0.07715557349245454
1.295875,0.08996139159153452,0.3002591031945062
1.296,0.2786030323741301,0.3569839971611674
1.296125,-0.05890261229955622,-0.17509293499675183
1.29625,0.1996007245414421,-0.5092420448032237
1.296375,-0.24338143345056087,-0.17072636309480005
1.2965,-0.3120283150658763,0.049858587819038326
1.296625,-0.2887992932764485,0.2350381041110533
1.29675,0.29346559324866833,-0.09678706519355157
1.296875,0.13686163586890226,-0.11330126520335997
1.297,-0.25473084088208237,-0.011715065273003622
1.297125,-0.24676619726579627,-0.09031932915266844
1.29725,0.1549216059140421,0.16989704521568305
1.297375,0.4245919135334333,0.3669593400147066
1.2975,-0.07592692175364192,0.16565679104047945
1.297625,-0.26629784720976335,-0.44729740658461137
1.29775,-0.4582390452465979,-0.3003049689740496
1.297875,-0.5040150368969101,0.12958047496107564
1.298,-0.046290398847198724,0.19779455876689025
1.298125,0.4078157316418857,0.11867171910268813
1.29825,0.08398041831624863,0.12388296269515629
1.298375,-0.3201075303538319,-0.3397206999112231
1.2985,-0.4840019647776734,-0.2545842611632087
1.298625,-0.09139884900519375,0.024984135730271435
1.29875,0.155747989635308,0.09343240032806749
1.298875,-0.09023026965670533,0.22144801419027493
1.299,-0.3583617114998362,-0.1615156475617975
1.299125,-0.5222796543691963,-0.22251934047508037
1.29925,-0.3817714979058211,0.19307566714640617
1.299375,-0.07878443628162544,0.29414656131864536
1.2995,0.20984707734366975,-0.15376999297353314
1.299625,0.27484637793039945,-0.10900731818505738
1.29975,-0.34718228521716343,-0.3848456079969233
1.299875,-0.32232443916189557,-0.33089134327011577
1.3,0.040265069215978895,0.1283339140071176
1.300125,0.7140819247134748,0.2703128050125938
1.30025,0.39925454451612535,0.20113671721483103
1.300375,0.05724940440464284,-0.3940661513596636
1.3005,-0.0936313909482446,-0.46631319081869754
1.300625,-0.010220184592959959,-0.05796202946371957
1.30075,0.04567842794990317,0.19106723459683655
1.300875,0.477275891286841,-0.047898887618537285
1.301,0.28438065386467637,-0.38436763375485467
1.301125,-0.2572850702807228,-0.5107105641963987
1.30125,-0.4649933652169713,-0.3346464812768196
1.301375,0.06683684498863965,-0.09505351516896988
1.3015,0.6020711863414961,0.367603330380319
1.301625,0.32061804125088716,0.10442983168100677
1.30175,0.11268403546722663,-0.30157630241182704
1.301875,0.05491335955017998,-0.4269978788922685
1.302,-0.11393050063595751,0.19005460612352962
1.302125,-0.256595342152961,0.48375371334393596
1.30225,0.07729347717802154,0.46880268733943664
1.302375,0.09374128683418449,0.10796669813455945
1.3025,-0.023474334635688994,0.04331291845141037
1.302625,-0.3845926656088187,-0.14833269857922893
1.30275,0.019016744147242533,0.012294384271500852
1.302875,0.4328861352432126,0.48602741125306126
1.303,0.2811289011543541,0.43233631951686813
1.303125,-0.02696466211785695,-0.1776486649059852
1.30325,0.1462789759007914,-0.4374533081177101
1.303375,0.03975866526462717,-0.016717749930064855
1.3035,0.04288653570945619,0.6359055703621171
1.303625,0.30797182036389315,0.27813575879940233
1.30375,0.3694570296816155,0.03443999167130402
1.303875,-0.3769933805901592,0.011047108535151484
1.304,-0.46269490389861057,-0.06030115886816121
1.304125,-0.21200268152227056,-0.14395324810092353
1.30425,0.3431602950454195,0.13116775671849348
1.304375,0.12871113827330152,0.1502814942446237
1.3045,-0.1765525119617577,-0.12438730517369663
1.304625,-0.21096490526525782,-0.2952683852638471
1.30475,-0.35424894922637373,-0.057254491942062176
1.304875,-0.38444393400216204,0.2929939434607989
1.305,0.1263238337381534,0.17649316081363128
1.305125,0.1832683988474243,-0.10336924479784905
1.30525,-0.057493424598738595,-0.06611888516958835
1.305375,-0.33758711143560377,0.08376478286366816
1.3055,-0.032747257203140756,-0.023982383242416166
1.305625,0.2949604795905365,0.2572985728621189
1.30575,0.24867329748884204,0.32553516195972904
1.305875,-0.32111469812959864,-0.15706693102164673
1.306,-0.3250814473441925,-0.2867278422803181
1.306125,-0.04456198604042131,-0.10246937556167844
1.30625,0.1286581288190666,0.23531818768422544
1.306375,0.12071452447900478,0.22650652476339575
1.3065,0.17450630462184905,-0.018400635615572036
1.306625,-0.1817760919562713,-0.18544331431867572
1.30675,-0.5665545637634366,-0.32816634249233956
1.306875,-0.47197483000991053,-0.17493657557890482
1.307,0.13264528850068477,0.14130010315878158
1.307125,0.1602183611115801,0.28126071290198496
1.30725,-0.39198825962993245,0.11738417446823445
1.307375,-0.5055240734857162,-0.04734668705077109
1.3075,-0.27554203263754473,0.1222824110391097
1.307625,-0.12157654973616314,0.5029997637334357
1.30775,-0.11832552875776783,0.32078929387030264
1.307875,0.10082965514311025,-0.14083116192381848
1.308,-0.0069327861147266655,-0.1912639303170679
1.308125,-0.37206618671839603,-0.05451384990133256
1.30825,-0.20918741191382637,-0.04841147475212186
1.308375,0.2067060067345447,0.2091664413633235
1.3085,0.21483644702108579,0.10268263873731631
1.308625,0.12414185944845609,-0.07872240457600649
1.30875,-0.12790316375550714,-0.4370031663235232
1.308875,0.07529760996029447,-0.2838576033823468
1.309,0.12953415765849308,0.09947504756382189
1.309125,0.3255520326649355,0.1135522799027431
1.30925,0.10971565988423378,-0.3516795951226891
1.309375,0.23728880111407138,-0.43370448086515645
1.3095,-0.2535348088769737,-0.18578619817123163
1.309625,-0.11807276697863578,-0.12985508660531708
1.30975,0.4563611371592723,-0.11993737702731566
1.309875,0.6462286951814924,0.1328524737796702
1.31,0.2844856132087936,-0.11029811939555291
1.310125,-0.09207089343749501,-0.3446656880844385
1.31025,-0.04105760645867985,-0.1003003727929646
1.310375,0.14935439856129606,0.26187254393400944
1.3105,0.10630216522952263,0.3728666283649978
1.310625,0.07162486110245231,0.02416928956089232
1.31075,0.04041390369880739,-0.14714312375129776
1.310875,-0.23002624208299396,0.0643433847758367
1.311,-0.22144401094849941,0.2814729884283423
1.311125,0.028848429683996705,0.2559379352796642
1.31125,0.5420277014097663,0.2821665587183913
1.311375,0.10712709925851827,0.1511376260894734
1.3115,-0.14726556451971545,-0.365441092535898
1.311625,-0.06924765319686256,-0.10744429487933878
1.31175,0.24396883502118258,0.3819729104351575
1.311875,0.2704966342153642,0.6801507712531804
1.312,0.26527898211399864,0.12608463023098404
1.312125,0.20833577936603154,-0.06903719731321409
1.31225,-0.20406886885074005,-0.14720207886971762
1.312375,-0.30488872423478774,0.184399326402535
1.3125,0.05526133820070653,0.2095645395650598
1.312625,0.21114513067802576,0.04858960306309295
1.31275,-0.1507008870145148,0.17125509054557786
1.312875,-0.27867310442105825,-0.21565366704371897
1.313,-0.3102151616016225,-0.24323884659216777
1.313125,0.2165819027891192,-0.03193306824811783
1.31325,0.0957015299160457,0.41136154507472894
1.313375,-0.1195164250044328,0.003912619454247094
1.3135,-0.17848348241422493,-0.13170537818128633
1.313625,-0.41642059193390457,-0.13297773521839498
1.31375,-0.3500210007666514,0.1297716445213263
1.313875,0.3059408730089139,0.11787316726250197
1.314,0.5564490227608593,0.2440584624881432
1.314125,0.1707982485900507,0.16903587692671068
1.31425,-0.2693030246188764,0.021935266322831964
1.314375,-0.27947805148034116,-0.17545622595043522
1.3145,-0.0512020899837733,0.1305521581688384
1.314625,0.018260198782497544,0.17515795093004102
1.31475,0.007300494109490243,-0.13711526325810425
1.314875,-0.17955864798516155,-0.4896908171188305
1.315,-0.27595346888667316,-0.16318030753124554
1.315125,-0.3675163695100319,0.1646464190759662
1.31525,-0.02245923505479357,0.21876763982605535
1.315375,0.47120949665731665,-0.042518402282342285
1.3155,-0.1254862899735692,-0.18715352641056107
1.315625,-0.6142872745931495,-0.411510641643766
1.31575,-0.3980486471879578,-0.29261794748058306
1.315875,-0.024666932784827688,0.09208068334853442
1.316,0.07075796091091302,0.4595567275077151
1.316125,-0.12589732603308088,0.19240119746024387
1.31625,-0.11492148666413755,-0.11158726936625432
1.316375,-0.10894561014450438,-0.23405436246585748
1.3165,-0.3328441467936314,0.02439972655418245
1.316625,-0.004843735349421239,0.1958925286230971
1.31675,0.36992984358023195,-0.08489486635314986
1.316875,0.2369986400208089,-0.16892838974260374
1.317,-0.12332406322912001,-0.35590509082583077
1.317125,-0.23439478121156446,-0.2118521911900302
1.31725,0.12840171641615333,0.2533388258792979
1.317375,0.38286762427114995,0.37175868876456936
1.3175,0.2084068650845734,0.04568598711124191
1.317625,0.12009316143622525,-0.4741129949320271
1.31775,0.11422502381623253,-0.39711597454296577
1.317875,0.0003363869768375826,-0.04832623944690801
1.318,0.05557722788291581,0.15392918646183557
1.318125,0.551316648127313,0.04770356491608852
1.31825,0.5318164288763181,-0.18994343068114486
1.318375,-0.010422910956592202,-0.243356529921419
1.3185,-0.28792173646858354,-0.3119516609343849
1.318625,0.2123859465115694,-0.0029021620591355474
1.31875,0.3845740847829829,0.23751552565291184
1.318875,0.15277427754798092,0.10999789180967944
1.319,-0.006604418848633322,-0.0825510750815815
1.319125,0.10810293039391693,-0.23009418953437286
1.31925,-0.20267224436075953,0.32985013585348605
1.319375,-0.10697385402486936,0.5250870377105439
1.3195,0.26363499433956983,0.26097570481930454
1.319625,0.13020534106560197,0.22125894749241007
1.31975,-0.32282840629682064,0.0650833359753132
1.319875,-0.3513359798948875,-0.04068606058347768
1.32,0.09788153391494654,0.11111044155782164
1.320125,0.3872656168050476,0.4939858965667288
1.32025,0.20975172610814494,0.4593981162672247
1.320375,-0.11740163584433948,0.033835031123547465
1.3205,-0.23171802988188892,-0.3813490689864917
1.320625,0.05145296429721718,0.059379862671154714
1.32075,-0.10548572264482463,0.37538925358194225
1.320875,0.31900560545546064,0.03765629504309123
1.321,0.36372888450113233,-0.05752552615566509
1.321125,-0.1453615371227836,-0.032591952175222705
1.32125,-0.4151629294665014,-0.27673751607098546
1.321375,0.09236951600761321,-0.03913488223689097
1.3215,0.2758093980478092,0.2384584900191692
1.321625,0.08495380903234119,0.1868624004729755
1.32175,-0.2819690941381791,-0.3151326543093985
1.321875,-0.5414647034693173,-0.1522724159656777
1.322,-0.016843337290246327,-0.01754248768639779
1.322125,0.034972984686474286,0.3143084031065643
1.32225,0.2577083142717783,0.035849987689114564
1.322375,0.2700568456828854,-0.12093217666548543
1.3225,-0.11166671420787991,-0.03660269835196031
1.322625,-0.352770953198863,-0.04324592688346889
1.32275,-0.05419612119723072,-0.14105840790043062
1.322875,0.3620823574008755,0.20458817882524194
1.323,-0.00831523785785844,0.20281278460673344
1.323125,-0.2602962333304217,-0.1828015316320163
1.32325,-0.2620348960134195,-0.30418972864077504
1.323375,-0.13739232692222714,0.06333261866527523
1.3235,-0.07929840553680352,0.33594526746305514
1.323625,0.032550474944593344,0.14604465860763285
1.32375,0.09477652731074904,-0.2159772325777576
1.323875,-0.3364863001683602,-0.31814102439919373
1.324,-0.6012841023728522,-0.26467723863070725
1.324125,-0.26215064611073563,0.15844401823231535
1.32425,0.08782756612566822,0.17261554590435202
1.324375,0.013289931710756197,0.25358897237253364
1.3245,-0.28577968348534366,-0.19032365360368617
1.324625,-0.18566063883423603,-0.17016814734448252
1.32475,-0.08974604286606791,-0.0057707246211799006
1.324875,0.025383013627966487,0.24319029209265008
1.325,-0.023657334008469914,-0.10800328478882133
1.325125,0.06775346664895605,-0.31228078829640243
1.32525,-0.2175562873085371,-0.22846809750138003
1.325375,-0.3934281206712337,-0.07474227584407274
1.3255,-0.1642842196396717,-0.09845257181704516
1.325625,0.4226161718926816,0.04077808577807298
1.32575,0.35974941670197863,0.056432592767039096
1.325875,0.11948117250722201,-0.3582740668942697
1.326,-0.04366026147131116,-0.5580406390296051
1.326125,0.1447756933637798,-0.27442197348819036
1.32625,0.45427150653670373,0.07329911189796474
1.326375,0.514418471341367,0.01810862817678166
1.3265,0.4252115447299561,-0.23540498809392954
1.326625,0.07332219525211492,-0.10240253067962053
1.32675,-0.23584415354771013,-0.13916243450041876
1.326875,-0.009902023898667905,-0.0007253274517543822
1.327,0.4724898902919019,-0.07662110496122472
1.327125,0.2818651225956552,0.01638857534561765
1.32725,-0.11423673526497392,-0.11117337682111851
1.327375,-0.2149982800064678,-0.37200053721233217
1.3275,-0.07939596015761718,0.001149801676151748
1.327625,-0.00940206774526706,0.4638982597612963
1.32775,0.14825653146490836,0.34473312190580474
1.327875,0.11521606502846769,0.1344609970792672
1.328,0.012318008593305244,-0.016962603336982126
1.328125,-0.07862706918841388,0.355279048948235
1.32825,-0.2621123637744195,0.39576796914154344
1.328375,0.28550682857250115,0.3977840528887473
1.3285,0.10342362115109013,0.34989617782689775
1.328625,-0.1546659173583755,-0.03568161663920702
1.32875,-0.30547608127324755,-0.26919001896454636
1.328875,0.009104558901012328,0.03384730851724086
1.329,0.24449942418605114,0.35863099236457385
1.329125,0.040050166293232846,0.3029124661858992
1.32925,0.21116076858481292,-0.12703418875548425
1.329375,0.3373981680576204,-0.10391080136993408
1.3295,0.028001938747167266,-0.035489733460989666
1.329625,-0.16847703125394556,0.03021746557647431
1.32975,-0.08257852381856981,0.09055849105431855
1.329875,-0.037056926922622226,0.12272521173176526
1.33,-0.4311536847425377,0.04065113717200252
1.330125,-0.33279685942964654,-0.04242651443116993
1.33025,-0.10273572977557369,-0.18711882411789865
1.330375,0.06314069186304558,0.14549480533470885
1.3305,0.13388784149840557,0.26966547821021103
1.330625,-0.020693147816187488,-0.10753730994051099
1.33075,-0.2184174016220032,-0.31435962560264474
1.330875,-0.3194757645345515,0.06516151182685705
1.331,-0.2680394238632925,0.17087046682865306
1.331125,0.2871051788585216,0.12399175921393507
1.33125,0.21665182388358856,0.20635916319744416
1.331375,4.9296555478151605e-05,0.332322003244572
1.3315,-0.41974020732636175,-0.07881157317107161
1.331625,-0.22262542542737498,-0.3016307645302882
1.33175,-0.0009363043573462651,0.09379015293916108
1.331875,-0.01870700755818711,0.01904178110852987
1.332,0.09316485807572153,-0.2635326909998205
1.332125,-0.10519753409283925,-0.37231780524546615
1.33225,-0.5020068218948992,-0.12578486873869085
1.332375,-0.39940313643094394,0.20104341897814063
1.3325,0.3283644862736187,0.12002403299401418
1.332625,0.17525754542952932,-0.044774630550141865
1.33275,-0.1127724678430519,-0.033028592136681814
1.332875,-0.5815075430546766,-0.23508834825745153
1.333,-0.38004635142311644,-0.14496803862177243
1.333125,0.06105930624401675,0.19477938013159837
1.33325,0.09732065182098636,0.15437746422465054
1.333375,0.046339743796483375,-0.11532394495156474
1.3335,0.10001549011094703,-0.27027390637061743
1.333625,-0.13133238050854204,-0.10335441283229753
1.33375,-0.14914746112217345,0.02538659032447152
1.333875,0.2049006857253851,0.07315066105725919
1.334,0.4643576615075146,-0.01549505612089611
1.334125,-0.049311317630670946,-0.13802910982712985
1.33425,-0.16601661607147652,-0.3092279347550021
1.334375,0.05163115845255769,-0.24210428115088337
1.3345,0.3095297795978008,0.030615981254041566
1.334625,0.31771494534747036,0.27291304230566715
1.33475,0.12492744567456898,-0.18378578738809767
1.334875,0.10441104373817912,-0.48784880473578135
1.335,0.07978645247294525,-0.46154744026746947
1.335125,-0.02580611257786716,0.053967735432729744
1.33525,0.20422463668485938,0.12217228963844634
1.335375,0.46708052976573644,-0.051827476842141805
1.3355,-0.02993765552402636,0.029377010549115793
1.335625,-0.24372624856251776,-0.08978591549172334
1.33575,-0.04918619336328256,-0.11062865300380681
1.335875,0.13423937472920416,0.18688313169229087
1.336,0.34973796451753875,0.25882137587824966
1.336125,0.2847458921395771,0.08768942540044972
1.33625,0.12585544928249662,-0.13620042020112272
1.336375,-0.12795132660997321,0.10376385058562014
1.3365,-0.25951110733983007,0.3282710664226929
1.336625,0.1326770281225795,0.2626663149871359
1.33675,0.36743444898864125,0.07620441356024338
1.336875,0.23318324538704552,0.004107929454999788
1.337,-0.33848827955651206,0.19690772293169148
1.337125,-0.5543799351555546,0.11425052770017051
1.33725,-0.0781029102017997,0.16377635596160084
1.337375,0.45172955072279575,0.2065922873060801
1.3375,0.1977510150952651,-0.028315167515459674
1.337625,0.17044565161973094,-0.22694650725481902
1.33775,-0.025688734436269442,-0.11229432035207312
1.337875,-0.01373676509699508,0.28833408339608674
1.338,-0.004048354654695807,0.21829814960261482
1.338125,0.10397452230392669,0.2933628133498309
1.33825,-0.1071851698968911,0.21985628974748292
1.338375,-0.44097167607275445,-0.07535760045424857
1.3385,-0.343331099003575,-0.1919902597305491
1.338625,0.024546495075032385,0.0768346834711662
1.33875,0.30082279476076296,0.4991184617054958
1.338875,-0.2778269386547108,0.11361874815248284
1.339,-0.17023505696422805,-0.2873912705748766
1.339125,0.03649726663706025,-0.5478955699728193
1.33925,-0.0803671164992371,-0.022356973843827774
1.339375,0.2187112378057216,0.34252712881268627
1.3395,0.3267684684996045,0.10528824975322111
1.339625,0.12466763088212329,0.23605160848674955
1.33975,-0.1997944076118119,0.0773828908829411
1.339875,-0.26884204932150385,-0.17089391870594067
1.34,0.03430003707094321,0.026340783236226756
1.340125,0.17512045377777283,-0.006356869161815058
1.34025,-0.21087026212480436,-0.02087666200806385
1.340375,-0.2890999272275679,-0.38691856856291446
1.3405,-0.3626196638242898,-0.2306707715946067
1.340625,-0.28403762288916573,0.03699870983311227
1.34075,-0.23921003218885548,0.22427773617706528
1.340875,0.1127973738340372,-0.22567406573023613
1.341,-0.08493351707092904,-0.2216350159308791
1.341125,-0.337624103245281,-0.029977382055713937
1.34125,-0.35862111500686195,-0.06889064574100277
1.341375,-0.08249796609588335,0.12460250255518639
1.3415,0.0417872652939524,0.17796655259008856
1.341625,0.10105549844035858,0.12097917552448814
1.34175,-0.12094944529184183,-0.3531158431950827
1.341875,0.0184777456448573,-0.2275457268864129
1.342,0.08733752877767072,-0.04622687624232221
1.342125,0.25275380048330326,0.15859343927906422
1.34225,0.37881193193444135,-0.17882248362381867
1.342375,0.40739344242820225,-0.25931270933620465
1.3425,0.01443193953595163,-0.24921113732456718
1.342625,0.016821557906965,-0.12050454966877029
1.34275,0.3045631190055369,-0.22914342530229015
1.342875,0.6814372406049953,-0.04430184767668277
1.343,0.37577328677467736,-0.15110627527527715
1.343125,0.28856403485612814,-0.22118326876445477
1.34325,0.06646360391154894,-0.3660952650226873
1.343375,0.07323685755437037,-0.07348696098769364
1.3435,0.0615234693128546,0.15437582126265975
1.343625,0.14163771154642027,-0.021939581757835554
1.34375,0.2371486464229115,-0.03357545192638035
1.343875,-0.19671602519544623,-0.02549274160039233
1.344,-0.36612529932717963,0.2067894377806842
1.344125,0.07492512419276774,0.2338812752930449
1.34425,0.4209374097836819,0.22834890058229174
1.344375,0.25595604831800495,0.31107955703382156
1.3445,-0.2438967208064532,0.07331953667002118
1.344625,-0.10563197969527525,-0.14877339197000577
1.34475,0.05792338522208354,0.4240972503836366
1.344875,-0.12333970984072525,0.4843807402560826
1.345,0.13683345085053117,0.40185966667509315
1.345125,0.1267736522859267,0.011115383483387883
1.34525,-0.12603013717867131,0.06116149296567986
1.345375,-0.3759099711594404,-0.03852064531107863
1.3455,-0.1602169647092731,0.1461567281386456
1.345625,0.3506433797510699,0.1815086892603194
1.34575,0.02921479555507572,0.1999302356757701
1.345875,-0.07568822648816315,-0.30157823850870374
1.346,-0.14616837490792092,-0.38947554908373555
1.346125,-0.004648132139324243,-0.09505010458324442
1.34625,0.1975903289246114,0.43077087418822285
1.346375,0.07572472480680563,0.19443290743967875
1.3465,0.23104225095158978,-0.3349665603682749
1.346625,0.14583567812342194,-0.1862302218662921
1.34675,-0.2219090637245306,-0.001372262214650111
1.346875,-0.08852064180399917,-0.07817340418906055
1.347,0.2379456222105262,0.13810465566045443
1.347125,0.22808051115396855,0.2648559705151177
1.34725,-0.2868003803980174,-0.12083957347354463
1.347375,-0.28517049624340934,-0.4292943727400391
1.3475,-0.11710857275171341,-0.21532476834246897
1.347625,-0.21131850420401108,0.0942466300156529
1.34775,0.05904129512484951,0.12527549123812134
1.347875,0.16245766242257997,0.020643557543854742
1.348,0.022099294482696975,-0.11955131344206088
1.348125,-0.1497401121306961,0.04186384382607617
1.34825,-0.156829134306507,0.09422864265186799
1.348375,0.0467081520883093,0.3557749308674983
1.3485,0.15218562810555758,0.25639180610219753
1.348625,-0.19853715722732812,-0.01906941156522065
1.34875,-0.587255040250313,-0.24541892534101134
1.348875,-0.24441052677151398,-0.1787353882308091
1.349,-0.01714254160487313,0.13732491863858584
1.349125,-0.017089080754757773,0.11313740870857247
1.34925,0.028274304729047156,-0.36652575307619717
1.349375,-0.1533236290294564,-0.2428625336422435
1.3495,-0.5082603460183445,-0.07067167335739766
1.349625,-0.25057136362191956,-0.036338030425636145
1.34975,0.1625338919611656,-0.12960216468678937
1.349875,0.2798301599529825,0.0914399654031933
1.35,-0.08595446348655672,-0.02302820654061722
1.350125,-0.3795816648526497,-0.22621914956882413
1.35025,-0.13360290851289203,-0.2299869258951982
1.350375,0.17366220549213932,0.1483440546400775
1.3505,0.23939854213895564,0.05301694811049043
1.350625,0.11955196612302314,-0.2432686896658714
1.35075,0.009592141719247266,-0.3500357720833809
1.350875,0.041912159616933564,-0.3231532064080471
1.351,0.06524636744332873,-0.11020790655727504
1.351125,0.4291051929271694,0.0954799981449509
1.35125,0.4256478536542897,0.0008544263867629017
1.351375,0.1600196282782519,-0.20423576132683097
1.3515,-0.04152461752357142,-0.41172969898960116
1.351625,-0.04185436888144566,-0.35275758261149404
1.35175,0.49226468098950993,0.07994587344190204
1.351875,0.20754430317457404,0.1560166581095787
1.352,-0.015163807834070958,-0.18766977238487748
1.352125,0.08298717817169234,-0.28090080861867534
1.35225,0.019978649696531417,-0.10993600516100573
1.352375,0.04826888535285056,0.16105439026943386
1.3525,0.08078942493464064,0.09251813863117707
1.352625,0.27836520676037996,-0.048737264795520756
1.35275,-0.12881090135670797,0.257802808982256
1.352875,-0.4005741856948719,0.018385016899645817
1.353,-0.09715708604137976,0.13752474608210288
1.353125,0.0418535488477996,0.3727444661888498
1.35325,-0.006764324303951095,0.32072541764196066
1.353375,0.08497843627560991,0.17375875724072623
1.3535,0.11489069228147614,0.02806315574405944
1.353625,0.025315895100550358,0.06916709866900127
1.35375,0.2491759956209867,0.31405632879825074
1.353875,0.4524907555674885,0.06273106091069532
1.354,0.5148242272394734,0.09631002671881773
1.354125,0.20310738872415654,0.0657006121434949
1.35425,-0.39912810461249293,-0.06601693399286852
1.354375,-0.24379157186140724,0.019667443984399256
1.3545,0.04683759680796948,0.5075193967381105
1.354625,0.06910348020012733,0.1863195940658034
1.35475,0.13681241534578703,-0.08217712413613028
1.354875,-0.05562951740545028,-0.2977371911338294
1.355,-0.30095618150553666,-0.09164853235053555
1.355125,-0.3798274439926302,-0.0072912127461388495
1.35525,-0.007815574863878823,0.0989951168527738
1.355375,0.19879655439650756,-0.04685289881669177
1.3555,0.1165101209662623,0.21702682345334173
1.355625,-0.16716032355678456,0.09278395712057659
1.35575,-0.10551179987222097,0.0721184174369755
1.355875,-0.15314174762199437,0.3484930963305248
1.356,-0.012226383056593806,0.4724534001539185
1.356125,-0.02388031039011208,0.29029792776564756
1.35625,-0.058405009203781146,-0.2789396603592133
1.356375,-0.13919145814967263,-0.3046472460025878
1.3565,-0.3311584046945195,0.08145904227246817
1.356625,-0.05320218252637479,0.11314352625323718
1.35675,0.23321983091213025,0.12406022412778087
1.356875,-0.13347501689842836,-0.019558677449007227
1.357,-0.41772846109298456,-0.22786879944705016
1.357125,-0.1906523189341437,-0.3621617059094664
1.35725,-0.10031599744633592,-0.050249229893220476
1.357375,0.1869404266637737,0.1567981347988231
1.3575,-0.09920837915546582,0.14124884432180992
1.357625,-0.28223906288325373,-0.29319283588709827
1.35775,-0.25212364396191767,-0.33234233752205
1.357875,0.02461327120393903,-0.053762862904706124
1.358,0.023720787448992843,0.04408891326648406
1.358125,0.2409365838628524,0.04166794151535424
1.35825,-0.04045157100462098,-0.004601318184946566
1.358375,-0.21201321555273048,0.02182907639340335
1.3585,-0.3255619018646602,-0.29286802448652444
1.358625,0.22368011910711777,-0.0468062193526623
1.35875,0.3158929763470604,0.03808408984600412
1.358875,0.030850680463327465,-0.050292988352936545
1.359,-0.059355224391850876,-0.4448060672987782
1.359125,0.06772166300265159,-0.37626434385429364
1.35925,0.2723873757190306,0.09538026798380038
1.359375,0.3058990578209317,0.06612681219640013
1.3595,0.35613479100915496,-0.06827696189560506
1.359625,0.2082131699687318,-0.050200569923468434
1.35975,0.050922660382535775,-0.146807684846374
1.359875,0.2146703531559119,-0.1899043739866699
1.36,0.30643669999407325,0.039739005199554325
1.360125,0.3751611658343603,0.1224794413672278
1.36025,0.00626514883991209,0.20283729731571767
1.360375,-0.0743669348677484,-0.23319690304792035
1.3605,-0.17230883235352726,-0.01797826760145153
1.360625,-0.012316820649020014,0.2443596508207983
1.36075,0.03936110939996507,0.32168570371358235
1.360875,0.16057133062651846,0.1256197039787853
1.361,0.3351469867067713,-0.09661767671867857
1.361125,-0.08432926973201825,0.05985331284962823
1.36125,-0.21444223153618053,0.22878160395524905
1.361375,-0.08163571946460976,0.1467902524511484
1.3615,0.2739982055725954,0.20257870654984747
1.361625,0.19288588067140988,0.24478434179834668
1.36175,0.2518444855173331,0.03475454306057998
1.361875,0.0239014435552499,0.010522781557880119
1.362,-0.009659103890146821,0.14545642076290835
1.362125,-0.019770017371743265,0.3035112715705087
1.36225,-0.00219324699506611,0.13728687973707496
1.362375,0.05561456123428981,-0.16734925278981225
1.3625,-0.22059214118417986,-0.13318591679805833
1.362625,-0.5370212453622615,-0.03409375349073331
1.36275,0.03336205112683037,-0.02428991373301125
1.362875,0.1641278761771989,0.11082978088577854
1.363,0.0185606440754946,0.190271954787993
1.363125,-0.24740967769073866,-0.0850671415377025
1.36325,-0.331132557384986,-0.31402652704638817
1.363375,-0.22881295670029891,-0.09519187274496627
1.3635,0.08182051452831905,0.24777385223785356
1.363625,0.166563243300049,0.25727537262202016
1.36375,0.23172475405347379,0.06137529462104363
1.363875,-0.05040461614357311,-0.008122944658843934
1.364,-0.4380293330946625,-0.04941147930627297
1.364125,-0.17170111504100957,-0.10285632894206748
1.36425,0.32428419685843246,0.047504348973025405
1.364375,0.2679529195127913,0.02695478576844284
1.3645,0.0009966029299312167,-0.23268198865493428
1.364625,-0.1971183383388822,-0.4301476019669999
1.36475,-0.07437093753471466,-0.10160677013235087
1.364875,-0.12341031716749407,0.18285839643473006
1.365,0.33908307322905584,0.09908480284151723
1.365125,0.4415869320196632,-0.0630014731802347
1.36525,-0.005791991450736414,-0.29194977820424867
1.365375,-0.26996552906339866,-0.2501024973644207
1.3655,-0.33024583505965455,0.08160426527884773
1.365625,-0.01633227404281274,0.16774339695546112
1.36575,-0.0012748789120856185,0.06137579732941577
1.365875,-0.17204306240127998,-0.2914180093576844
1.366,-0.3628780144082969,-0.3064092202248625
1.366125,-0.38733830090178695,-0.05438030547459249
1.36625,-0.3497351355748498,0.3736331977396059
1.366375,-0.008977924735973353,0.22321175160811985
1.3665,0.20200398184556914,-0.0034573601517448164
1.366625,0.03802738779598866,-0.1966844624287373
1.36675,-0.3958820256169815,-0.22900449617062216
1.366875,-0.24979465588717978,-0.18207366260797098
1.367,0.19589094653284955,0.15400258005945966
1.367125,0.37624189013113035,0.1902882172380745
1.36725,0.3225441714270188,-0.11772210351530855
1.367375,0.0860734909550085,-0.2361724849833548
1.3675,-0.05993675719263747,-0.30252384738613686
1.367625,0.17459102824358155,0.11861080066270686
1.36775,0.2540583730563053,-0.000923444007056451
1.367875,0.21110148186354089,-0.11826586527256391
1.368,0.2240171210144103,-0.35663471694937654
1.368125,-0.06871450838084094,-0.26889592252860905
1.36825,0.10783151167571756,-0.40200990936594766
1.368375,0.32759208114148447,0.06743977176926105
1.3685,0.29179521053063895,-0.03134551914234308
1.368625,0.09002857331814287,0.11064869818505685
1.36875,-0.05656485872932439,-0.270982285118276
1.368875,0.21908619926655726,-0.2599012972895156
1.369,0.06113505960794376,0.06467163083931626
1.369125,0.08446328755758174,0.42817859524520885
1.36925,0.02510249409216834,0.2244172977590254
1.369375,-0.25495016935891335,0.1277210499559018
1.3695,-0.3529892197969483,0.1188533215751363
1.369625,-0.23648051768598924,0.15131604069112495
1.36975,0.2501447492297523,0.21008373974226946
1.369875,0.3688935404668721,0.26929588828379214
1.37,-0.021797834058913522,0.20712466737576848
1.370125,-0.12529636765745186,0.05867794034479592
1.37025,0.02959225705308952,-0.051408419262995976
1.370375,0.20277038274887202,0.157447247331942
1.3705,0.1130166481535021,0.4290758641012384
1.370625,-0.013189920271000775,-0.11822347717243482
1.37075,0.1676193297840928,-0.035364567353100236
1.370875,-0.1845470050792283,0.130097170760472
1.371,-0.3069283491957262,-0.0009218609673367351
1.371125,-0.0677497285494483,0.05037896050859039
1.37125,0.2020032956470029,0.014665499658734028
1.371375,0.02205365740290945,-0.009589029543820045
1.3715,-0.3858098883068803,-0.26889263062848207
1.371625,-0.24069656644741325,-0.16956661817852514
1.37175,0.11999266525141847,0.17111031065650445
1.371875,0.10669620794897822,0.45812601282872467
1.372,0.1224513791688007,0.14064310801222502
1.372125,0.12831214890016648,-0.1086472809040486
1.37225,-0.2480071631245477,0.08210811670737123
1.372375,-0.09871564177422493,0.1477089774586125
1.3725,0.07484281691874757,0.0031930477581839788
1.372625,0.2803296226584057,0.06738934777145006
1.37275,0.09489629960610858,0.06737014922150811
1.372875,-0.302587933766743,-0.17282049416487372
1.373,-0.27388030864943275,-0.10029088086207492
1.373125,-0.025944690225630923,0.111130612018792
1.37325,-0.15042442476442958,0.15211104286629623
1.373375,-0.2864249085821213,0.0014359263333274211
1.3735,0.13390715770042,-0.2888655232028894
1.373625,-0.18198234355136397,0.001774329203796416
1.37375,-0.331915902949849,0.17997461376947826
1.373875,-0.019774962479888764,-0.046587188422177996
1.374,0.2918831064976183,0.05067355245582326
1.374125,-0.06949950423742186,0.20485220941880172
1.37425,-0.3956391871088365,-0.12742110054915254
1.374375,-0.35394436773725163,-0.22943794163928782
1.3745,-0.056652238821283195,-0.00037772040345073333
1.374625,-0.1407915743674757,0.16820214596412877
1.37475,-0.09208449103393238,0.12469607241059576
1.374875,0.02331975218834986,-0.20917212070820354
1.375,-0.05617445045470776,-0.1848358541152229
1.375125,-0.10572690367438048,0.19168981796546547
1.37525,0.17246242673267242,-0.04521613072676741
1.375375,0.5687848492974859,-0.20232112038362568
1.3755,0.0949251761155628,-0.07281055302614366
1.375625,-0.3832956162989838,-0.0921868323862224
1.37575,-0.216951964090916,-0.33208459268202106
1.375875,0.2698874530480561,-0.08509321184788367
1.376,0.2417132967450724,0.08646086501131099
1.376125,0.18618374057912407,-0.06498711365000368
1.37625,0.09826645469319979,-0.35282803398795476
1.376375,0.22937634686724495,-0.4502680678336311
1.3765,-0.11283704887836819,-0.15157275700195436
1.376625,0.13219816357039094,-0.04256711059208417
1.37675,0.368927653010878,-0.09454264303011914
1.376875,0.19638985005526216,-0.06794247532456349
1.377,-0.2563094012869103,-0.1877613840049581
1.377125,-0.20215734360356613,-0.11191219993119021
1.37725,0.25022528309977704,0.21043175029173578
1.377375,0.1922543757403762,0.3204940539344188
1.3775,-0.07395443839731035,0.1718942548358123
1.377625,-0.13266494839305396,-0.32905164148307736
1.37775,-0.09734249844433147,-0.2366956264643671
1.377875,-0.13044340508278804,0.12089437494436767
1.378,0.1736409346481567,0.5431776873263674
1.378125,0.2770987539655709,0.32433229658713486
1.37825,0.06334110787145437,0.35209979356947213
1.378375,-0.2411335167190887,0.1547437740847438
1.3785,-0.04109349338917292,-0.15169010962683332
1.378625,0.4659635486760399,0.23420010368538272
1.37875,0.3578927334642294,0.3373688316494942
1.378875,0.039932459940309,0.27616366386796387
1.379,-0.1068971501022986,-0.07973566294522696
1.379125,-0.21655659660956647,-0.19483817472097623
1.37925,-0.14700002643144683,0.2661166728659692
1.379375,-0.20814399060745295,0.18243508348828408
1.3795,0.042712885295287335,0.06645008499045639
1.379625,0.027764263587632575,-0.0397050846181811
1.37975,-0.22862110629211274,-0.08005907158139648
1.379875,-0.57514486105826,-0.13553742542542366
1.38,0.044675005054020396,0.11420946382944687
1.380125,0.1504498376773152,0.24492537954588361
1.38025,0.2960818365469793,0.04458202182611736
1.380375,0.07484599590983511,-0.2297624393201172
1.3805,-0.060158930788812674,0.053860507630163784
1.380625,-0.2285648896553018,0.2759962428004499
1.38075,-0.13584722600340954,0.481386756122883
1.380875,0.13075448936629686,0.12445248795654767
1.381,0.08441469983521976,-0.07316754233201053
1.381125,-0.26253320864509033,-0.16269573094984496
1.38125,-0.25203183007135976,-0.11780760003597893
1.381375,-0.08071222591230968,-0.12061448241757113
1.3815,0.28896693695976483,-0.019546078951844577
1.381625,-0.07332031774851921,0.05538263300255128
1.38175,-0.31037350615629833,-0.205552466832209
1.381875,-0.3877700669209635,-0.2786537503838031
1.382,-0.5405727767701795,0.11485397024123997
1.382125,-0.28365670534917214,0.30980691738478094
1.38225,-0.10278335064012939,0.1592756676221331
1.382375,0.10059688753595503,-0.08192521503465604
1.3825,-0.2215013421607125,0.02658801620419263
1.382625,-0.5074348427552123,-0.07723280817810835
1.38275,0.01400503103243408,-0.2516006881356594
1.382875,0.36341512618264554,0.05834236899930512
1.383,0.25896732768781044,-0.08604808848959267
1.383125,-0.055431369959109765,-0.03357500379402479
1.38325,-0.2208421476841804,-0.30675941475152513
1.383375,0.062190618821617194,-0.038441142706481114
1.3835,0.1681997298794893,0.20142105180119677
1.383625,0.27485961865880615,-0.20617271797046263
1.38375,0.3498444033445386,-0.3912051192880648
1.383875,0.027682042963591107,-0.43221924416218227
1.384,-0.16401363636050825,-0.34444809456736014
1.384125,0.0005921018585318961,-0.3337908345641688
1.38425,0.3629011683809338,0.041985950914979565
1.384375,0.006515543322203832,0.13018186834618936
1.3845,-0.06735450095958075,-0.12291423354110238
1.384625,-0.08956556142056502,-0.38397935967306235
1.38475,-0.02762013534235661,-0.2654521126479046
1.384875,0.18882305575388886,0.22987604336455705
1.385,0.33399535089014987,0.20111736642457145
1.385125,0.4438386222025798,-0.1569009801936049
1.38525,0.09583702670644356,-0.1537492383228886
1.385375,-0.42591479758085615,0.14903588434436393
1.3855,-0.053740132543470105,0.17208765510081786
1.385625,0.39507554935756406,0.4394580561329757
1.38575,0.44207819870206,0.36422217452910427
1.385875,0.027822326143235532,0.0803293353029652
1.386,-0.16157855675659116,-0.22548500736779886
1.386125,-0.04230979313038121,0.003966651249908462
1.38625,-0.06496536191918423,0.34341002306407936
1.386375,0.1188790515840285,0.18255378705772635
1.3865,0.07076621150852094,-0.055143662408189215
1.386625,-0.12118900520602584,-0.03639021296007714
1.38675,0.015424235151054386,-0.006418102559950918
1.386875,0.0003906463420151944,0.26907507933466573
1.387,0.2773702680158425,0.38175408387464743
1.387125,0.13886360368214606,0.4388063062210336
1.38725,-0.14505206691380199,0.013753740964254656
1.387375,-0.333885585620096,-0.263217085441256
1.3875,0.14507942322519685,-0.0633966338211142
1.387625,0.11374044204321396,0.36940492203146547
1.38775,-0.02850438814236973,0.4101652897135546
1.387875,-0.03094349603360895,-0.05193451861944363
1.388,-0.028711284159174535,-0.09320568241134006
1.388125,-0.215915459486205,-0.019780082075353096
1.38825,-0.1820420845516564,0.021178849821648266
1.388375,0.3483865000621468,-0.000715950680123524
1.3885,0.03206142050435318,0.05144039293187228
1.388625,-0.32072505276854546,-0.03694865611230878
1.38875,-0.5782959475298739,-0.2098333262775261
1.388875,-0.10654624469846888,-0.004493033381942336
1.389,0.11753730348173463,0.3763822767860226
1.389125,0.22924169463318547,0.2151346428989073
1.38925,0.1859721654446534,-0.07529151370131539
1.389375,-0.31982438977374117,-0.21167300589595145
1.3895,-0.47842343009045574,-0.04283006476939998
1.389625,-0.12902914729941634,0.19434195541426208
1.38975,0.34130735852012933,0.08163850456076742
1.389875,0.28034736986554665,0.11794218837809006
1.39,-0.2593899365807394,-0.02285889845794394
1.390125,-0.4717445392578815,-0.29768432945225776
1.39025,-0.19821925370373605,-0.14051936998884063
1.390375,0.06936248282186006,0.1752130674416949
1.3905,0.03230610550902723,0.0974716834126722
1.390625,-0.13962018000714688,-0.3481847072023312
1.39075,-0.25594508384451264,-0.37227247629334426
1.390875,-0.4049988007514538,-0.2586935945774077
1.391,-0.39691772242715384,0.08970585860376451
1.391125,0.13627049593768714,0.25126665750338195
1.39125,0.37310029225261604,0.011735849785214926
1.391375,-0.015880028173143892,-0.043291194727029886
1.3915,-0.27246066604656216,-0.4295679800738783
1.391625,-0.2506789238852699,-0.3503532821540731
1.39175,0.10184103384088683,0.2516136081563393
1.391875,0.21075874479982035,0.23682251571248863
1.392,0.1802105479073085,-0.19535319681619473
1.392125,0.1250029937178365,-0.33044337392163525
1.39225,-0.05935261391612602,-0.10088128751563735
1.392375,-0.15426405889177894,0.020055080662239922
1.3925,0.38187726823249973,-0.04325768353053155
1.392625,0.4543012503803201,-0.0686155978226855
1.39275,0.18759639612179305,-0.21237860177946916
1.392875,-0.263005759308687,-0.3679210487161236
1.393,-0.01786502102276501,-0.2711087036063024
1.393125,0.3149429181296584,0.29123010605227884
1.39325,0.6315811943864187,0.11483408497554612
1.393375,0.23045399284092713,-0.32433133505131617
1.3935,0.24629175881604365,-0.3357227160455442
1.393625,0.1448933458307856,-0.026113059410717863
1.39375,-0.17658971292731895,0.3233509653521466
1.393875,0.1311970300193289,0.19876390703103378
1.394,0.30043406118860083,0.09749307114040456
1.394125,0.28079201568017137,0.13693023069857205
1.39425,-0.323760032195915,-0.04968593196838354
1.394375,-0.283766124298201,-0.028799804493320175
1.3945,0.17761194096737326,0.29604648124906696
1.394625,0.2857627316949164,0.35047795274758015
1.39475,0.3541670127006856,0.1370082917715751
1.394875,0.11346393823170038,-0.21162629766273264
1.395,-0.2548885165639538,-0.06276951858194406
1.395125,-0.198091032528615,0.2636530547079975
1.39525,0.09100935587960204,0.4330851531379262
1.395375,0.4373459116389671,0.3441205454577187
1.3955,0.21622133995774637,0.22374599318012608
1.395625,-0.41397569376707005,-0.029144382745095072
1.39575,-0.12877654585889833,-0.259898841439632
1.395875,0.35489092307790426,-0.07336815964961636
1.396,0.4100289740377956,0.3457392936541353
1.396125,-0.013719032454857246,0.04164302558565022
1.39625,-0.23950632264434019,-0.5459204326863983
1.396375,-0.41360708312375705,-0.17018819928042908
1.3965,-0.41768044441616736,0.05516626981706116
1.396625,0.01842723961543944,0.19758176233482896
1.39675,0.3494031879408383,0.12972175010575082
1.396875,0.0065877790654559395,-0.005941068886792447
1.397,-0.5483053438312849,-0.23986430752205823
1.397125,-0.35189875762184464,-0.18044294795382607
1.39725,0.09358675189913333,0.05785547284823993
1.397375,0.2743838512652477,0.32616688267236793
1.3975,0.09912490734212287,0.16486922062378156
1.397625,-0.057097684072305956,-0.2952823429835594
1.39775,-0.34462284398625354,-0.3449977621357714
1.397875,-0.07506827181183205,-0.01213840403027837
1.398,-0.06840677267577289,0.22738881995476307
1.398125,0.16768871809168565,-0.02557788667254161
1.39825,0.19714009183978545,-0.041145571458311145
1.398375,-0.3280041028373038,-0.24209649101275346
1.3985,-0.1477274221911622,-0.17607775766389935
1.398625,0.23671638924833685,-0.06025940391897881
1.39875,0.34227427687422546,0.3594178849106482
1.398875,-0.19510890900651748,0.18888131550178655
1.399,-0.36770419985609826,-0.3696972089533285
1.399125,-0.23537817156701535,-0.5584624403158388
1.39925,-0.21215194269330023,0.11297712577092864
1.399375,-0.12161265627977415,0.3547418149708936
1.3995,0.1729899303401018,0.0447935500756989
1.399625,0.10393702983210511,-0.2740181496197483
1.39975,-0.4189736545477045,-0.06825369850315047
1.399875,-0.5095464127533329,-0.14050230832962127
1.4,0.0678808686173921,-0.13241333389753251
1.400125,0.3580803456439026,0.2265355577230278
1.40025,0.13254453329093338,0.061149342068139295
1.400375,-0.12023887897643923,-0.31167951171231123
1.4005,0.04439170929679405,-0.101084012536034
1.400625,0.09805801835732064,0.22690468531673705
1.40075,0.12196298014023405,0.1351305830540707
1.400875,0.6439171027891248,-0.20395695901600175
1.401,0.43669346857155933,-0.3757703755251841
1.401125,0.10599616166599425,-0.2551878428527744
1.40125,-0.24566615513388868,-0.23550229999900255
1.401375,0.12593835896413502,-0.0423900643629596
1.4015,0.4683911673617081,0.16484992290379968
1.401625,0.028867718381136092,-0.015354535326789412
1.40175,-0.3284161897852515,-0.4426765769207298
1.401875,-0.20537178762746294,-0.5666789173002813
1.402,0.08160108941799778,0.060136744401771434
1.402125,0.05751566621354384,0.41258593721715925
1.40225,0.27518996608586654,0.04982611616406948
1.402375,0.29066216957765706,0.06083638468241669
1.4025,-0.2548200909350374,-0.08984067641193508
1.402625,-0.6718009220813047,0.07047259108142975
1.40275,-0.26034141957273726,0.0764300715519068
1.402875,0.18005500921181009,0.5046370808298155
1.403,0.19759299351535425,0.43580600285272725
1.403125,-0.37064494835160866,-0.017081768757433367
1.40325,0.14569161594230687,-0.19455400602749198
1.403375,0.08143741176775406,0.3214954658605352
1.4035,0.2622740112411416,0.3542385817910287
1.403625,0.2682498595671574,0.2837553001900339
1.40375,0.35399205906695685,-0.05627075786621953
1.403875,-0.029747270541152518,-0.07444665867731125
1.404,-0.16020405880315217,-0.10042840797271997
1.404125,0.08281421450825018,0.013086568955307559
1.40425,0.4561559739413012,0.13772138506138043
1.404375,0.13516180539566222,0.1841013890259475
1.4045,-0.2521899469205179,-0.3802845342609841
1.404625,-0.2581205704960136,-0.49289395104161055
1.40475,-0.0928714067720705,-0.07531439170819924
1.404875,-0.08593708652072177,0.24577791909567595
1.405,-0.2256674181515943,0.11485660241418903
1.405125,0.0026590468824503597,-0.1795172544761492
1.40525,-0.12452847172568722,-0.20844550527328548
1.405375,-0.3402994743994672,0.08733360580020408
1.4055,-0.05886316806381128,0.27574852405687844
1.405625,0.3651078312248275,0.2566727023319885
1.40575,0.3162625582261642,0.395656050262511
1.405875,-0.16220960922483066,0.1385437503375164
1.406,-0.20365427065792352,-0.22054920985121887
1.406125,-0.16395384973742616,0.15137897708063416
1.40625,-0.10869288736914408,0.4193340665153683
1.406375,0.25335265285633957,0.2878128342132119
1.4065,0.22161487581059164,-0.2563459140649504
1.406625,-0.1237385439422654,-0.41819472312031725
1.40675,-0.6757954647740692,-0.08649435299160307
1.406875,-0.40365149780124115,-0.10309227168649521
1.407,0.2810916534360302,-0.16664931589457835
1.407125,0.2839165451413905,0.026397443966724242
1.40725,-0.35515125258557934,-0.058313009448090314
1.407375,-0.33121482543872,-0.41458273800983175
1.4075,-0.1726621749194967,-0.09733868733417075
1.407625,-0.14731319402273674,0.27427311615743805
1.40775,-0.2528105095228559,0.33503282011797464
1.407875,0.01917288220331614,-0.1044801403629732
1.408,-0.195471779309224,-0.2847953733655701
1.408125,-0.5717890697490429,-0.3941244527444001
1.40825,-0.30070162221782787,-0.019242986694607247
1.408375,0.43728051857933725,0.2063324850467007
1.4085,0.5253220350061292,0.17104559415453008
1.408625,-0.004834242496219271,-0.004438172691604
1.40875,-0.26329672202869836,-0.6043097178193799
1.408875,0.10224904180636864,-0.35655298368611865
1.409,0.2793122220132756,0.335616425825471
1.409125,0.24495981971124406,0.19938655072106592
1.40925,0.2768258468284792,-0.22176179323037326
1.409375,0.008930383912222813,-0.3016732579499285
1.4095,-0.25564157618919414,-0.17002061778180558
1.409625,-0.028253857699456833,-0.06616525328146983
1.40975,0.47470123130385045,-0.11714292372958912
1.409875,0.6458500413610567,-0.18067376751490014
1.41,0.1045514139247015,-0.16223553708453778
1.410125,-0.42359247903461894,-0.3165041052136981
1.41025,-0.23126293036945963,-0.21195243714234488
1.410375,0.19039936429382515,0.57006996094571
1.4105,0.10578135265209125,0.7160158668243554
1.410625,0.18983246983596905,-0.005574870842622224
1.41075,0.1952054033607338,-0.22367995215038802
1.410875,-0.11998680073440639,0.07394820174407259
1.411,-0.08217929893021732,0.2731071085098873
1.411125,0.3079900500495506,0.2665231917140642
1.41125,0.4718060072412812,0.37079230451968304
1.411375,-0.12772339619647818,0.07801924542008107
1.4115,-0.5880248857172062,-0.3168787948872533
1.411625,-0.1403881305831043,0.07228255576732094
1.41175,0.25810794338908727,0.49270159441750266
1.411875,0.1966457815560736,0.5107735678219752
1.412,0.14575887049845085,0.07373483508122719
1.412125,-0.0104195092199426,-0.2849250887627098
1.41225,-0.2042682941322325,-0.0832329725283583
1.412375,0.006230179855945227,0.1813994875870452
1.4125,0.5243886027843612,0.12002933958309722
1.412625,0.27517416268119055,0.052435178623641325
1.41275,-0.21772467439699444,0.15044150992811237
1.412875,-0.5832829883685554,-0.09199548546177976
1.413,-0.07400240591652806,-0.08316882252342478
1.413125,0.24511071475245758,0.41264210686609326
1.41325,0.2388952178646223,0.18988048771649157
1.413375,-0.08862870020670294,-0.05231624848809118
1.4135,-0.04459457477610795,-0.3806375138333462
1.413625,-0.4592476186477506,-0.007568641395001513
1.41375,-0.2919346514716778,0.2073393200238057
1.413875,0.16483004040661395,0.1994594219526622
1.414,0.5041923567233337,-0.0034484069246793012
1.414125,0.15697314408395766,-0.08467045234240529
1.41425,-0.38737209211234724,-0.19547166494540757
1.414375,-0.29370388116024526,-0.03493442693779003
1.4145,0.06093190824335995,0.41467014120301027
1.414625,0.12563494823342028,0.24858869566459577
1.41475,0.16431100118656614,-0.2120865793151044
1.414875,-0.05502921360773762,-0.4756760155933194
1.415,-0.4204786214011051,-0.06410839751123468
1.415125,-0.3309913976315993,0.3709742635721714
1.41525,0.14326954309885986,0.18099166194224142
1.415375,0.27388186500628803,-0.0774140171787077
1.4155,-0.19222648768554704,-0.19623747744785244
1.415625,-0.7165187626635819,-0.5519590537329445
1.41575,-0.39731637029302014,-0.3262798626555145
1.415875,0.3511407115412731,0.09764671022287247
1.416,0.17792031464628663,0.43098681110060366
1.416125,-0.2279341687111982,0.045470014316789854
1.41625,-0.30179862155422127,-0.3125666886810459
1.416375,-0.10337731235985606,-0.2338218906051683
1.4165,-0.21712597319520174,0.07859700254587026
1.416625,0.06749915504061317,0.14378764742474173
1.41675,0.3603554154139331,0.0469729417362777
1.416875,0.2628813902860514,-0.1821596695383892
1.417,-0.11943060253502764,-0.2724577272658777
1.417125,-0.07247523793064443,-0.3130318222814838
1.41725,0.1608557704390067,0.2598179910151345
1.417375,0.19684433246153302,0.23120502590058123
1.4175,-0.05561785756537483,-0.11282464286555052
1.417625,-0.022892150211805518,-0.6478956065270068
1.41775,0.18058247447836373,-0.17840069676762307
1.417875,0.047152970672152586,0.329654723745111
1.418,0.1728577254032166,0.1401766010937945
1.418125,0.4655399347069011,-0.2769758746637264
1.41825,0.3384920158901129,-0.2399740621242151
1.418375,-0.3372560231886968,-0.12294126358024415
1.4185,-0.4617142541900035,-0.27599450066630593
1.418625,0.23471867342885006,0.09766427320433833
1.41875,0.4092960220355509,0.48132694816033084
1.418875,0.03676046434456233,0.316400660402756
1.419,-0.12445591055150917,-0.13802061879877162
1.419125,-0.023429312836398,-0.17027755134771716
1.41925,0.02290239170810015,0.18240502379811221
1.419375,0.27944010539787156,0.2210499879930147
1.4195,0.5550769226212379,0.005771644955925507
1.419625,0.3310348870129912,5.582884839367277e-06
1.41975,-0.2933298010832805,0.037132057906610734
1.419875,-0.31615826123853746,-0.059424178466287815
1.42,0.24639528924317508,-0.015214068367176781
1.420125,0.34289049614645395,0.5106481241747409
1.42025,-0.07119326787632038,0.29070639822008115
1.420375,-0.11554645551574438,-0.2802937420501269
1.4205,0.2374896149621907,-0.2810971086804099
1.420625,0.04262308042217905,0.26586862839427644
1.42075,0.012354283780302304,0.2046289187034189
1.420875,0.11443017311543363,0.029783536911989424
1.421,0.2967866329087391,-0.135573458344894
1.421125,-0.12505193497369257,-0.22089754067836542
1.42125,-0.2161644832974563,-0.16196747819901827
1.421375,0.07644859407896307,0.14268072356793085
1.4215,0.18780125952248697,0.3144188162096311
1.421625,0.023271860873039073,0.3404701807333586
1.42175,-0.06762595807911154,-0.20960945697691175
1.421875,-0.17353196397624393,-0.3158319461835567
1.422,-0.2386372133250946,0.13680113112252182
1.422125,-0.15127192000906303,0.4921569308585023
1.42225,0.09176105753229255,-0.0021076983474236245
1.422375,0.1901791954969703,-0.0946036371489409
1.4225,-0.3046222416993119,0.09433071641453751
1.422625,-0.45212780407230646,0.07633057748004589
1.42275,0.022642346319873993,-0.07702369811565794
1.422875,0.48115307252847833,0.14637090238029457
1.423,0.16954391569706923,0.3451503531514383
1.423125,-0.2521177910866542,-0.2628058467646406
1.42325,-0.30761883529640316,-0.3207151659688919
1.423375,-0.004236706578390299,-0.019193860196599192
1.4235,-0.22668374255782112,0.1964104876537277
1.423625,-0.0014312418152807463,-0.023952054307948573
1.42375,0.08839656303963675,-0.2667619794571808
1.423875,-0.3822419435145256,-0.15231556324906395
1.424,-0.8718181712909367,-0.10866920852984006
1.424125,-0.2539901536238121,-0.18799990996702692
1.42425,0.5770627911660358,0.07614569309443446
1.424375,0.4346626339374078,0.26200014070688626
1.4245,-0.20985271207845113,-0.06614902932130728
1.424625,-0.42215339746044617,-0.5274102456316058
1.42475,-0.17584860135276761,0.030487530704058245
1.424875,-0.12055131707417836,0.4477706683974553
1.425,0.2893849744218602,0.12132713132408166
1.425125,0.3774075213148066,-0.18526417976486095
1.42525,0.1179724732457773,-0.3594139048425337
1.425375,-0.2426984981875463,-0.14915030737506776
1.4255,-0.0047387508569865025,-0.12914309195376347
1.425625,0.5332367961817385,0.06573006537366584
1.42575,0.3157020741192674,0.23398762159361305
1.425875,-0.006044436313553157,-0.1892312956546693
1.426,-0.2389751631975829,-0.7111678613223171
1.426125,0.20315867944262087,-0.2821990710159673
1.42625,0.19821738280114629,0.4947180935447747
1.426375,0.08254772333929798,0.37599117786572134
1.4265,0.3326262676757336,-0.3613197763734449
1.426625,0.17944685054724535,-0.4168434554277885
1.42675,-0.18169127204089253,-0.3177413500248413
1.426875,-0.2300079191306914,-0.07755098899046112
1.427,0.3374115604209405,0.28138092825994243
1.427125,0.43933659967714744,0.38721460953257125
1.42725,0.10204664588519345,0.07758009649873694
1.427375,-0.05359688388091469,-0.2610504321208615
1.4275,-0.06530089772305245,0.012423353543954989
1.427625,0.11603115169032188,0.5073039102241349
1.42775,0.13699242057061534,0.38291671005116823
1.427875,0.35214315525111284,-0.16057775087024545
1.428,0.10145639832114638,-0.08777556969457613
1.428125,-0.21075688342017987,0.03769415571673867
1.42825,-0.15024329891277918,0.042795489773593626
1.428375,0.41458496840274434,0.20994775042105362
1.4285,0.18398839734612119,0.3942993635109603
1.428625,-0.07933801943766669,0.43047202922113986
1.42875,-0.2261803731277083,-0.2456590268045395
1.428875,0.11062236556366835,-0.08935274738101877
1.429,0.2269902242184612,0.3489624651824796
1.429125,0.23569986180281438,0.36174411998061806
1.42925,0.08680672191805575,-0.00042778271222232623
1.429375,-0.09167695924208495,-0.24124902320669603
1.4295,-0.483717693032357,0.07713991985321282
1.429625,-0.45792594405629217,0.1113036244035956
1.42975,0.24465630846005937,0.18732741377598702
1.429875,0.7279310198886912,0.3330700413745431
1.43,-0.03889995523331406,-0.02758873659266022
1.430125,-0.41857948833887526,-0.28907944818244846
1.43025,-0.07912909535659984,-0.17813861624868021
1.430375,-0.10902103494223081,0.2925507404569627
1.4305,0.18147950919802008,0.36333208906899667
1.430625,0.1270109356624339,-0.16477242491691788
1.43075,0.012385484356855039,-0.45342238018637904
1.430875,-0.24592401545772558,0.012062508441489343
1.431,-0.393522660291623,0.221948690889986
1.431125,0.057937218253725324,0.026353084943301873
1.43125,0.4377582416412349,0.025284419636743764
1.431375,-0.17760870974951018,-0.09231702146665376
1.4315,-0.6339733039807605,-0.3898543868112718
1.431625,-0.09553555670018075,-0.4205284056981381
1.43175,0.321316726192816,0.378894664973012
1.431875,0.03580090011448807,0.6836660686101529
1.432,-0.0002820584654415655,0.0319450148057829
1.432125,0.16434879749582082,-0.4805818671032234
1.43225,-0.24553008789795688,-0.09825430568129868
1.432375,-0.23093807256879628,0.15969895025543707
1.4325,-0.044200387241757046,0.010752934841660101
1.432625,0.33091552550304026,0.07872997370878758
1.43275,-0.3775548304504362,-0.13165103832823039
1.432875,-0.677561953399634,-0.4338316617458644
1.433,-0.22342677169531175,-0.24172752680027754
1.433125,0.23124693912837638,0.18389561549767278
1.43325,0.4693637568376963,0.26526836848485874
1.433375,0.267885174444761,-0.045253035753416104
1.4335,-0.19702637087173816,-0.5274532901180506
1.433625,-0.3680871684732512,-0.06489171658081078
1.43375,-0.22356221741990387,0.2676675088752341
1.433875,0.32198845631246603,0.08564442493861399
1.434,0.757913505262108,-0.02949109488189377
1.434125,0.16593846635529458,0.003529017651133555
1.43425,-0.12553843297007175,-0.1355773246519814
1.434375,-0.038608946012355747,-0.22232734899491238
1.4345,0.32280038173257936,0.10554074972813539
1.434625,0.2876559480785583,0.2151195620530966
1.43475,0.08820857970658838,-0.19482129439827303
1.434875,-0.06140925085400859,-0.7180902270231874
1.435,-0.39110335693447584,-0.2194102030749923
1.435125,-0.2545344790569126,0.2891022586635606
1.43525,0.1559641425754561,0.28281154338790326
1.435375,0.6785823500433452,0.1419662902324088
1.4355,0.41449641279836336,-0.1191474453809515
1.435625,-0.33122460146072524,-0.3215840163421226
1.43575,-0.05329017393945228,-0.277441234903379
1.435875,0.40052400394428084,0.39323476523412515
1.436,0.4519720128147252,0.6028686140245261
1.436125,-0.08456834891150593,0.19098591760372371
1.43625,-0.14257639624801044,-0.2741516544607105
1.436375,-0.2163647395906807,-0.07062821480238923
1.4365,-0.5274670507293435,0.2715463554146718
1.436625,0.048917713164037535,0.2464269035701959
1.43675,0.7243868290051338,0.03627797765790954
1.436875,0.3318215711030513,-0.16431317501849188
1.437,-0.41906453003577865,-0.055444497987967224
1.437125,-0.47443422831140764,-0.32208317377762896
1.43725,0.5790929242350288,0.25351636663447036
1.437375,0.5483416330499442,0.6873012768663049
1.4375,0.0009387591561722441,0.31524339289187103
1.437625,-0.30690265348004125,-0.41164121329607145
1.43775,-0.2735338492285202,-0.14294966846447485
1.437875,-0.1497307312245334,0.4053088781262834
1.438,0.29046022640284197,0.2901238322723219
1.438125,0.7491561686756936,-0.10556479537046616
1.43825,0.4407065340134029,-0.16101158100774254
1.438375,-0.30215059879860795,-0.1656922760316153
1.4385,-0.5440132789951628,-0.3535989081999423
1.438625,0.2059625769482029,-0.017311494091431824
1.43875,0.4251382512047766,0.5547769381615263
1.438875,-0.02135026209004487,0.25990537798455415
1.439,-0.2541297556667292,-0.4160087922362195
1.439125,-0.47629520931599256,-0.2278129538465098
1.43925,-0.3430175346869307,0.38749404866397924
1.439375,-0.23142595780695524,0.2602638454250641
1.4395,0.2186835165903873,0.018046099657996934
1.439625,0.37030306175227085,-0.30475532174317976
1.43975,-0.40209846173963293,-0.4159392548185146
1.439875,-0.671819959735222,-0.31653455654926743
1.44,-0.31967185786061886,0.34074083993377746
1.440125,0.13237003587547636,0.7172530161050465
1.44025,0.03496159086399316,0.3824324294452335
1.440375,-0.11436034655425154,-0.4188052740956759
1.4405,-0.18367203883629984,-0.3094816885501317
1.440625,-0.25325470130674615,0.04920763274633107
1.44075,-0.29674657828559714,0.41622281769394964
1.440875,0.11817277044281303,0.01839959069465362
1.441,0.2531786510886534,-0.467999971209644
1.441125,-0.4336312544474863,-0.4311137534737419
1.44125,-0.5145063624638224,-0.24286958467471098
1.441375,-0.01603438084167048,0.016172753420061175
1.4415,0.6423641474569888,0.22786728696991576
1.441625,0.09482476081728046,0.16517858544218833
1.44175,-0.03358611670418193,-0.3759091811508391
1.441875,0.0874241533385098,-0.5391482926777985
1.442,0.2529769836511564,-0.13350454274147341
1.442125,0.23945546262316258,0.19238555734055818
1.44225,0.3159051334884817,0.04439495642838965
1.442375,0.26538206207371073,-0.05743540691523879
1.4425,-0.3370119005297802,-0.0683414658305668
1.442625,-0.7401264462874577,-0.21412652168431856
1.44275,0.08859912751247631,-0.29178286978251333
1.442875,0.7659286430609529,0.2228275096760665
1.443,0.6293930905828664,0.12282355916886895
1.443125,0.006271228984845209,-0.4036549877321741
1.44325,-0.11256457807337719,-0.5775891536864117
1.443375,0.060298660871277915,0.035261707130245325
1.4435,0.15816124965390665,0.26287134616050023
1.443625,0.2319061307460022,0.07644112285891184
1.44375,0.18106122159889687,0.024646786854570012
1.443875,-0.1692061318824435,0.14640764689850957
1.444,-0.5286968183785606,0.2854983076124079
1.444125,0.004468922819511733,0.19922182495414864
1.44425,0.5491410932465535,0.3658121702947627
1.444375,0.0947108780927854,0.31469737514142077
1.4445,-0.4958881932977497,-0.18385634455293967
1.444625,-0.14699267634894117,-0.26154364803888747
1.44475,0.04628130286132472,0.2895027827615539
1.444875,0.004172245875760162,0.480767399700963
1.445,0.16122740565948962,0.5124784011171251
1.445125,0.23656443614377198,0.013463320465323763
1.44525,0.05346674152833197,-0.04156066324957411
1.445375,-0.45009985499329425,0.03256726973818505
1.4455,-0.07277025068432451,0.1437809693703259
1.445625,0.49966453118042664,0.20511224926787472
1.44575,0.25421096374007685,0.38511325030305693
1.445875,-0.32200239294892863,-0.13558983287425866
1.446,-0.12332239610547983,-0.28158605984123897
1.446125,-0.04434648181576287,0.01953462762673374
1.44625,-0.03489793799025238,0.46068106639539363
1.446375,0.06508418055745631,0.04296799401644828
1.4465,0.1956710796089312,-0.2356227274562182
1.446625,-0.1348940010559286,-0.25938962424708784
1.44675,-0.8424574098938136,0.05148608638032531
1.446875,-0.2967900644610819,0.13821175226444216
1.447,0.37287061851718917,-0.04914796713659943
1.447125,0.5580560714554779,0.25237511310426597
1.44725,-0.10720010588680352,0.0994451798340658
1.447375,-0.40439387468151966,-0.1831449518821702
1.4475,-0.26096609701006146,-0.019035453311815335
1.447625,-0.047376293296380496,0.582587549334658
1.44775,0.15465581002411918,0.21760742930810345
1.447875,0.1717189156308056,-0.21926209645289868
1.448,0.09482757073613911,-0.2131073279720795
1.448125,-0.40597647031436,-0.1367518684586558
1.44825,-0.2825806536297278,-0.10635021810924489
1.448375,0.23794081983747556,0.18804623042381569
1.4485,0.28005901962147844,0.34533310653984745
1.448625,-0.4541271705550878,-0.1568009022191046
1.44875,-0.6775733978122979,-0.6960861083865164
1.448875,-0.2286933970248897,-0.16243164413822475
1.449,0.0004599366734916926,0.48794501232070764
1.449125,-0.1959564721419606,0.28913137696350033
1.44925,-0.056354391397139186,-0.1823555982316309
1.449375,-0.15754737976573763,-0.2909995358264149
1.4495,-0.6192447882103229,-0.22022493667909754
1.449625,-0.16470161811990158,0.030516837244150233
1.44975,0.23128873172842743,0.11091254019256941
1.449875,0.4894540235700057,0.17422601347290104
1.45,-0.312168782359683,-0.03525311462901157
1.450125,-0.36810555756151386,-0.4000435877214356
1.45025,-0.011707828601697851,-0.4060844467805288
1.450375,0.33262770831108773,0.24343519481150042
1.4505,0.3320125762438473,0.3783137363048496
1.450625,0.15756991292885597,-0.267457585449332
1.45075,0.09618713557052391,-0.529233467957082
1.450875,-0.26063153329553335,-0.10708177926084678
1.451,-0.4211320325880608,-0.009096081172569532
1.451125,0.5343324947207816,-0.1468322815160196
1.45125,0.8743454935501835,-0.179537663569703
1.451375,0.18731862622126483,-0.2177945424995599
1.4515,-0.18690248043605498,-0.43715256397177915
1.451625,0.0019463176674878106,-0.21886088233511874
1.45175,0.12977541507211332,0.3481732815892009
1.451875,0.3966111200313249,0.4985944176626846
1.452,0.3373172157326451,-0.21719188183928595
1.452125,0.11852612539631414,-0.28603883963818194
1.45225,-0.1945328846159313,0.018067463740866655
1.452375,-0.38158930195691904,0.39933818658197096
1.4525,0.22187354191372508,0.3280470370106353
1.452625,0.7621913831203181,-0.040687086965125026
1.45275,0.05564325586387824,0.169469499954662
1.452875,-0.6676831969377118,-0.37750324722275025
1.453,-0.28160854598332585,-0.4554496055290415
1.453125,0.19492671750806523,0.2862214973088522
1.45325,0.34467228546203504,0.8851917762429614
1.453375,0.10440766538316675,0.23322598028006714
1.4535,0.17597908125372325,-0.3544834648534872
1.453625,-0.07854962554134652,-0.02927877260285532
1.45375,-0.2622231585811319,0.5297575678581186
1.453875,0.2208465814383895,0.22468691040167896
1.454,0.8174536547636884,0.28842075248354115
1.454125,-0.0236666178993826,0.011758077113105725
1.45425,-0.6652421800874503,-0.15190287740700759
1.454375,-0.2339248870490704,-0.4803416340637198
1.4545,0.33407519025467924,0.4623700557864379
1.454625,0.2773355018736578,0.6094811122811806
1.45475,0.011522450874195995,-0.01372414680450086
1.454875,-0.107124772704032,-0.439236538335373
1.455,-0.25705663888556723,-0.2779204512820324
1.455125,-0.33163953480151687,0.10554479116239436
1.45525,0.06335201367059326,0.1876662354419409
1.455375,0.5206073246712949,0.11582989040518665
1.4555,0.0882998952691482,0.1945680595402649
1.455625,-0.4426411395590488,-0.04760183682848079
1.45575,-0.3326626882658701,-0.2440472013179285
1.455875,0.2191011071699485,0.11136691809946338
1.456,0.19795352885799763,0.62909276910334
1.456125,0.11778745247230099,0.045138751017788005
1.45625,0.053725745672911975,-0.538059875266857
1.456375,-0.3030545700999756,-0.28663720531139186
1.4565,-0.3856359014524077,0.25775922895562736
1.456625,-0.013065133307950031,0.36237721505979
1.45675,0.5283763380088085,-0.1157641454727859
1.456875,0.27945743892041786,-0.11228064648213111
1.457,-0.7319812127303537,-0.2659997723592442
1.457125,-0.8488483997953996,-0.3550147104833682
1.45725,-0.012438376891512684,-0.23307284115447371
1.457375,0.2065484327829151,0.21985743727510845
1.4575,-0.021520371424833148,0.159393393682887
1.457625,-0.2427965747997368,-0.3360077630165149
1.45775,-0.35017687056520047,-0.2664213747001586
1.457875,-0.27457946493703717,0.08440763206194857
1.458,0.10887743987277453,0.28504869936686345
1.458125,0.49224648537837173,0.08059035084766593
1.45825,0.25366071696467707,-0.07662278234070793
1.458375,-0.5092547031515462,-0.10366178258037523
1.4585,-0.5315429260401212,-0.48292686385963507
1.458625,0.1430277241922536,-0.08297644583038724
1.45875,0.5525749021767101,0.4260427786232982
1.458875,0.2666144832320403,0.1555527749152919
1.459,0.025698639374248333,-0.7911461968410052
1.459125,0.05803544459641801,-0.8603288733342512
1.45925,0.031131016090514513,-0.29095183058190255
1.459375,0.027963876067464404,0.4146170658908054
1.4595,0.39492595318197155,-0.08762339230429622
1.459625,0.20821604683106967,-0.4188830101640366
1.45975,-0.18358943280031453,-0.4099131001131968
1.459875,-0.28635355266270723,-0.18329062380035466
1.46,0.45862543117201443,0.03850184279340702
1.460125,0.47094906433275174,0.5107739337995759
1.46025,0.09599329879913324,0.17558164609320928
1.460375,-0.2953375450698987,-0.3808189584197756
1.4605,-0.06556128241027422,-0.41269977294333765
1.460625,-0.04226038018436553,0.15954495929197673
1.46075,0.1417588763177355,0.4571180970916046
1.460875,0.5126004645341591,0.1727164407729019
1.461,0.26272812740032403,0.08450862401170793
1.461125,-0.30343544137805983,0.17736455972516568
1.46125,-0.5721900308447678,0.09732041008407503
1.461375,0.008611355580083585,0.08884646718943666
1.4615,0.5871912531932519,0.32947444844091794
1.461625,0.09821552943230914,0.24522498525608896
1.46175,-0.2858590351328198,-0.33178531890806384
1.461875,-0.19907881519608267,-0.28895489084172993
1.462,-0.06330807939745267,0.32050523452612384
1.462125,0.07637954004458918,0.45741813592790587
1.46225,0.28744355066162536,0.14369402490816383
1.462375,0.19327410215698568,-0.11985304081493554
1.4625,-0.34737025506326613,-0.16161385733544803
1.462625,-0.3497229126754755,0.08934219182539112
1.46275,0.115085502170483,0.10771436229241377
1.462875,0.6815123393270812,0.405733697368776
1.463,0.2744192078977735,0.2490167843088947
1.463125,-0.2019863060524053,-0.2507247029026149
1.46325,-0.37887455978897977,-0.5079008379277679
1.463375,-0.08975042602226915,0.08936661964607812
1.4635,0.08232182592120459,0.5342455815867332
1.463625,0.025655826377368574,0.17419272594880003
1.46375,0.05484730425493459,-0.22429593541630896
1.463875,-0.22096587031409856,-0.17049093755618494
1.464,-0.38900598636796246,-0.11247650736615461
1.464125,0.004125981872447451,0.0517372486349987
1.46425,0.25301684053627166,0.2494271870356713
1.464375,-0.11414968031396933,0.2250033989149532
1.4645,-0.4614611398009599,-0.39360806311831453
1.464625,-0.47805488955003356,-0.49236291967816415
1.46475,-0.026568063670323657,0.10475754917459287
1.464875,-0.051245096408689114,0.6778270088750051
1.465,0.0022905340742167355,0.16997095108192914
1.465125,0.25620553963928133,-0.33021486072038325
1.46525,-0.20757440610984454,-0.27227696641186533
1.465375,-0.742323054955261,-0.03382213113846968
1.4655,-0.39511086697388426,-0.10950002794415986
1.465625,0.3218724574806065,-0.019671400171819516
1.46575,0.14182682490737006,0.08061650537823538
1.465875,-0.1978390890094092,-0.2313334243169815
1.466,-0.4542041861383646,-0.42128399137372974
1.466125,-0.2081249491318405,0.12488800103946388
1.46625,-0.0033962870447308054,0.32177661685702985
1.466375,0.12420411760330917,-0.0764300102729976
1.4665,0.4290308631412811,-0.43722817112872847
1.466625,0.052557898777864015,-0.461745284600623
1.46675,-0.41900288160850535,-0.05151279339045377
1.466875,0.009379051694118392,-0.028330292182789815
1.467,0.858168162750672,-0.04942277975631856
1.467125,0.4307161212745712,0.28784239228403086
1.46725,-0.1761294355523183,-0.2543795134682557
1.467375,-0.4252223747494372,-0.6747421252152286
1.4675,-0.06836199456381335,-0.3103733505716856
1.467625,0.16602999793828663,0.17649697919558333
1.46775,0.22234281828464642,0.2099095340768041
1.467875,0.20895839512705994,-0.26087920769021333
1.468,0.13753897959853179,-0.4466013567441024
1.468125,-0.3252378291494989,-0.01722087359210226
1.46825,-0.1699572104235228,-0.08880852680227498
1.468375,0.6163505827493944,0.21020822104441902
1.4685,0.5654391065580543,0.33081712251718826
1.468625,0.01223625503533852,-0.0670442523090024
1.46875,-0.20512531626504965,-0.34298471494929744
1.468875,0.1858062254116206,-0.024593886164186642
1.469,0.15602272678228124,0.67660107888064
1.469125,0.056439032313992284,0.5316437332651922
1.46925,-0.028464487339460495,-0.052646581847013804
1.469375,-0.09189484084289433,-0.30502483882356
1.4695,-0.38244015529439807,-0.17569850933007772
1.469625,-0.31594311622173515,0.18854466794167032
1.46975,0.13859781866277776,0.1678571379008035
1.469875,0.4515615675000357,0.2203598111523106
1.47,-0.09114719200081854,0.2918554550132717
1.470125,-0.2931598769832177,-0.27227506778659627
1.47025,0.02324893227238809,-0.28974569564990243
1.470375,0.06588067549254475,0.5229818871063118
1.4705,-0.00888991604865368,0.3793499578994236
1.470625,0.11248842255943664,-0.17691286217702035
1.47075,0.10992502329709458,-0.2735813990693869
1.470875,-0.2669629491904013,0.2505814069159448
1.471,-0.21422934175018,0.2639119998822727
1.471125,0.3286890095133472,0.025748173298456828
1.47125,0.49894640678722096,0.09237671195721835
1.471375,-0.12451014896305942,-0.01711908360830716
1.4715,-0.6520796069729214,-0.29964177867099107
1.471625,-0.16348440538478645,-0.3506943796588346
1.47175,0.11438959608497828,0.18073632174747575
1.471875,0.3111218831071063,0.3849089531621303
1.472,0.05476805267715481,-0.017783033136824663
1.472125,0.13101388717874798,-0.3183934743480326
1.47225,-0.32975481815026486,-0.05887639624606985
1.472375,-0.24018352476595703,0.09345664612665544
1.4725,0.2386098965626304,0.054994162975606255
1.472625,0.5970020164960733,0.2678335258038461
1.47275,-0.038817195671559945,0.1080168697726833
1.472875,-0.6647505491700089,-0.21776933796518494
1.473,-0.3260486985187242,-0.2286724650256855
1.473125,0.29406808172561416,0.25415195154974446
1.47325,0.1611706265508582,0.5980484104442145
1.473375,0.013902176192376336,0.01420174464700773
1.4735,-0.30330450596955294,-0.4043624422068648
1.473625,-0.5410996351478078,-0.05659269685372675
1.47375,-0.5998019537362842,0.2526935745964535
1.473875,-0.021517454028565756,0.43780940241676464
1.474,0.584606120402033,0.1878220815008354
1.474125,-0.058037540623285436,-0.0066754065332175596
1.47425,-0.7062170048470755,-0.3650400874896835
1.474375,-0.6489278900851281,-0.32656029741547155
1.4745,0.10996796787983579,0.30707120644078534
1.474625,0.17903517538857414,0.6014470083032173
1.47475,0.06769642683975358,0.018892004296208985
1.474875,0.05535523502077028,-0.5597421438754573
1.475,-0.1032239476459767,-0.18849754036876193
1.475125,-0.47985813023946017,0.33356866026271004
1.47525,-0.012148646000759437,0.17430966257778327
1.475375,0.5377178643363131,-0.08723392184383107
1.4755,0.03655744605958322,-0.2589619336338242
1.475625,-0.6408745874788269,-0.45561152596839544
1.47575,-0.3572998794564883,-0.44440851040692875
1.475875,0.3439558581215056,-0.03316483259174433
1.476,0.5329285876128762,0.41897534196366015
1.476125,0.31083890008311343,-0.05278228796189275
1.47625,0.06524847691054186,-0.785532587155884
1.476375,-0.08438824730177209,-0.4515351444662793
1.4765,0.028869427045846868,0.1446101767460175
1.476625,0.27303609827038505,0.1802060046904362
1.47675,0.5537457173330763,0.06172434388558879
1.476875,0.37848018127391647,0.038460278356312334
1.477,-0.09951643095818873,-0.15724326448975293
1.477125,-0.3572706423560924,-0.28414085442275644
1.47725,0.19441517592617466,0.11262939429092987
1.477375,0.21673797303133788,0.5603335401828964
1.4775,-0.029572678061911738,0.18387723924723326
1.477625,-0.003406532983154123,-0.35770665781391947
1.47775,-0.1767468472372359,-0.3202942284893099
1.477875,-0.11402828565285336,0.31126319739187885
1.478,0.21712299264573898,0.4920494873822977
1.478125,0.6175816705247512,0.1265790606327437
1.47825,0.29877458284100455,0.17531252307866887
1.478375,-0.30953848788332666,0.16230204118748695
1.4785,-0.6265145234817645,0.1001543588420804
1.478625,-0.13739881930777745,0.2450729612129627
1.47875,-0.022284111039974318,0.7524372264435935
1.478875,0.01212596421818164,0.5254744204284115
1.479,0.10912061169421401,-0.27942632615149093
1.479125,-0.11760064459998129,-0.09664196235195895
1.47925,-0.09431797750312704,0.26113928080418713
1.479375,-0.18111323140948418,0.40618853356369017
1.4795,0.2368174015497325,0.1096160713900781
1.479625,0.22826199689703375,-0.09748154108435188
1.47975,-0.2272942810459211,-0.07069768882105765
1.479875,-0.5067232762260934,-0.16663508152052253
1.48,0.016500217366052602,0.14109045582380428
1.480125,0.4678292974573181,0.46757461605780903
1.48025,0.04821382813789218,0.2577345876651403
1.480375,-0.40041838956656517,-0.397967165754717
1.4805,-0.1711553238651602,-0.5827934478879894
1.480625,-0.05520412101458104,-0.08293817305721118
1.48075,0.15161755139225314,0.08985425927437521
1.480875,0.4465284450085605,-0.05673371286141159
1.481,0.2518875378945938,0.08628579212738556
1.481125,-0.5362862289981298,-0.12747880699939607
1.48125,-0.41959660731460824,-0.18511026374233303
1.481375,-0.028906886037670127,-0.1317212679014079
1.4815,0.7674704788783948,0.17176324701327217
1.481625,0.2254918613731573,0.062248718291544686
1.48175,-0.26020851786580546,-0.2631168321551719
1.481875,-0.36418840815064907,-0.4456318766392205
1.482,-0.17835326064147636,0.14996585092048564
1.482125,-0.12243372733662344,0.3679003104097418
1.48225,0.14565711562876868,-0.012355576467192582
1.482375,0.11314588698605056,-0.45391780899362716
1.4825,-0.18695543288812408,-0.2362911261211533
1.482625,-0.46188155484791676,-0.08000953656857948
1.48275,0.1661526449861101,0.03506994470312349
1.482875,0.28570444901558706,0.22243648702421723
1.483,-0.05448021253556319,0.10666683419351353
1.483125,-0.5429990783473004,-0.3001552835999775
1.48325,-0.1401342322102211,-0.43723914941577574
1.483375,0.10389417181314115,0.0940456053789625
1.4835,0.011556296076352278,0.4790888621706536
1.483625,0.2606931096561497,0.301020138193963
1.48375,0.30795805316299024,-0.1695668485126696
1.483875,-0.13477989220184822,-0.305428806351747
1.484,-0.2574975662881561,-0.12258371850473264
1.484125,0.10557620808046352,-0.1823949058616313
1.48425,0.6247917390472133,0.18489530563946519
1.484375,0.4011870637541599,0.08455110235847647
1.4845,0.06186165185485115,-0.21386825822219876
1.484625,-0.06520523889408646,-0.40029223205876496
1.48475,0.2053861404007216,-0.1290665421824127
1.484875,0.0023271244179715526,0.41171129043351223
1.485,0.2969591649991081,-0.15882549282421052
1.485125,0.08507948290960954,-0.3949283747159999
1.48525,-0.1961475588675,-0.241539521324364
1.485375,-0.4914824827285087,0.11725133357836341
1.4855,0.2923442561685134,0.07126422903294874
1.485625,0.5808595079865653,0.15480669767786778
1.48575,0.22674135889073446,0.27011282205863774
1.485875,-0.11761778390245384,-0.1474411027354264
1.486,-0.34690492859878036,-0.14320002148189873
1.486125,0.14108679912568292,0.17899313312594958
1.48625,-0.09570993185670641,0.47406091690666413
1.486375,0.18966436974174108,0.5586568303596415
1.4865,0.0802255031040486,-0.05440554469019542
1.486625,-0.11283922991376176,0.03359106678441625
1.48675,-0.23140729986250785,0.36763612713000127
1.486875,-0.16244749483576992,0.08434914275595462
1.487,0.45703028132989965,0.16657666139204685
1.487125,0.2581974539693698,0.13101941966935338
1.48725,-0.19217996296012654,-0.07658265743735719
1.487375,-0.1776293043507313,-0.3911320079841498
1.4875,-0.09318859362772831,0.17115365878903205
1.487625,0.12913068213566242,0.636849303812053
1.48775,0.1321259878971666,0.25929580462220253
1.487875,0.2955007234506814,-0.2912501225947749
1.488,-0.08824947837711161,-0.28866693410663036
1.488125,-0.3939323313781163,0.08925174455164035
1.48825,-0.24311054886448225,0.09592963294471249
1.488375,0.3561524957903087,0.1393919401100396
1.4885,0.5121006580816607,0.174920561271029
1.488625,0.15120884283460745,-0.0788912452927212
1.48875,-0.3889653795155893,-0.42039413672538356
1.488875,-0.19036205505813203,-0.009973858152751362
1.489,0.07183657425933344,0.2718226382006761
1.489125,0.03511799647793881,0.22921181257334766
1.48925,0.17819045868856745,-0.3339122512658373
1.489375,-0.11009699902674341,-0.2551026773242069
1.4895,-0.3116587546469807,0.1468373072185286
1.489625,-0.25462032095085674,0.05361450787631554
1.48975,0.1497628561616475,0.17541455005153267
1.489875,0.3962346291658188,0.281289089175248
1.49,-0.39325286925740083,0.004094645023949729
1.490125,-0.49873324443536887,-0.5372537072850861
1.49025,-0.0036679391249398994,-0.29943532420766
1.490375,0.3108290345218343,0.2664129595143348
1.4905,-0.059172482457673425,0.507930680224904
1.490625,-0.0434917309507471,-0.13741685803700054
1.49075,-0.1539511601915278,-0.24805430370788822
1.490875,-0.30883321738607455,0.01692289855670071
1.491,-0.4452573728152903,-0.1022564667621255
1.491125,-0.05322531438100983,0.1313430948281717
1.49125,0.23530134821468393,0.10913607113353882
1.491375,-0.47663839963549676,0.07465770773904493
1.4915,-0.6520039730358337,-0.3057829296626499
1.491625,-0.15081161866055692,-0.3205371004030576
1.49175,0.4372559880529216,0.198226213889491
1.491875,0.25832376162467346,0.1326007972966751
1.492,0.13010397761468992,-0.2442287674946089
1.492125,0.14765016066076112,-0.5165584138541758
1.49225,-0.06747204680435134,-0.21847453624182242
1.492375,-0.18860503912548887,0.20687464765715058
1.4925,0.39416854984062755,0.10924740287628386
1.492625,0.6033999525422592,-0.0707077775831096
1.49275,0.23819158496431908,-0.06276992051115317
1.492875,-0.18577313913382296,-0.19332999750330468
1.493,0.014375830296388312,-0.21641059220690065
1.493125,0.31180062612998993,-0.046113837798224144
1.49325,0.46243212995635136,-0.013706514908208053
1.493375,0.17036976205219548,-0.29038032060889074
1.4935,0.01673197031455817,-0.534814447557897
1.493625,-0.07155742238787616,-0.11320446865104067
1.49375,0.2682354081775304,0.35287832883838277
1.493875,0.6297737935296752,0.2714694649653342
1.494,0.8344926727262505,0.08096620804452526
1.494125,0.1556155246457621,0.17396389531797568
1.49425,-0.4414162875257367,-0.09177094007470714
1.494375,-0.3591525501902723,-0.20155934277241688
1.4945,0.12545163734026388,0.30446193056214427
1.494625,0.16962722487144893,0.4584155591191309
1.49475,-0.05581872607170294,0.20242044410283147
1.494875,-0.050953095179654566,-0.17955326866155857
1.495,-0.2926741041050339,0.19093108403239814
1.495125,-0.3688073448793007,0.39769344000768153
1.49525,0.08441749813020114,0.4020584949358648
1.495375,0.43497936367416173,0.02796201546079727
1.4955,0.1187237496322234,-0.011188018038788867
1.495625,-0.48629782675166455,-0.04774935053239624
1.49575,-0.21559191288284993,0.0680518520351514
1.495875,0.3467080379305793,0.5907175801155736
1.496,0.4136221189813061,0.7867464947077852
1.496125,0.12351379931244497,0.2668400752710753
1.49625,-0.12097149254611336,-0.3639054712119572
1.496375,-0.25685113122379555,-0.10855114650299721
1.4965,-0.2724455324765056,0.03668283817517373
1.496625,0.0068095467971073945,0.17256929586145356
1.49675,0.32410061987799726,-0.1472069822964274
1.496875,0.30158631335893327,-0.23156344431051107
1.497,-0.27383992218972386,-0.17242232972315724
1.497125,-0.4289816321031164,-0.24363228523774533
1.49725,0.09097168376044548,0.2475290440334386
1.497375,0.32334347181294254,0.49349785578159133
1.4975,0.19868741060186287,0.10683442907898641
1.497625,-0.14156237320875742,-0.4272317635314432
1.49775,-0.15649509355111174,-0.15766675080113643
1.497875,-0.21725558023115685,0.24499625735054847
1.498,0.10638273449725792,0.3872632446226395
1.498125,0.1874243600398585,0.08591213254385661
1.49825,-0.08097687983761188,-0.15246580968773235
1.498375,-0.6113964844317371,-0.21782999606431463
1.4985,-0.6369188032729872,-0.3497670984707261
1.498625,-0.02821237292955797,-0.03961018395781433
1.49875,0.22861367000271196,0.36219373133028937
1.498875,-0.10344300999340744,0.20914378282456206
1.499,-0.5842454470908283,-0.40748819032492767
1.499125,-0.3653444598898619,-0.3311393718334878
1.49925,-0.3770687594389999,-0.03679884458021396
1.499375,-0.12072414122076128,0.18894136056001337
1.4995,0.3667016531157747,0.037166991057329804
1.499625,0.3038142126795173,-0.08417520718286532
1.49975,-0.018166285691105625,-0.037967104855405935
1.499875,-0.4117017036544527,0.03217543843351465
1.5,0.14709331739822418,0.06147951280464466
1.500125,0.4052869836794702,0.05029380150362861
1.50025,0.1445057872389076,-0.07364937162020553
1.500375,-0.04272761500214336,-0.7184844801669916
1.5005,-0.18652121707380687,-0.5070505542152007
1.500625,-0.12844751230665,0.027701455819467608
1.50075,0.13749352405037324,0.24107307745357998
1.500875,0.44864237559823256,-0.17979990218921527
1.501,0.5277250495836849,-0.36682941620299964
1.501125,-0.1530622981823546,-0.30195846622398304
1.50125,-0.3225266061286792,-0.2223092420499601
1.501375,0.15159576036019876,-0.03600958005352824
1.5015,0.41743895963785504,0.30529824337131917
1.501625,0.156567383489847,0.20899439537612985
1.50175,0.013257501577161726,-0.13193918575192545
1.501875,-0.011824303549943033,-0.2636634066014843
1.502,0.01800112248343469,0.06010246747500664
1.502125,-0.002591589297822235,0.3984135596184511
1.50225,0.052243350745564694,0.17423061616101976
1.502375,0.09295009660591456,-0.21265142616135446
1.5025,-0.38800401864907214,-0.2120064283596713
1.502625,-0.509258981004664,-0.20975491667590632
1.50275,0.04890475614173056,0.11750063737030868
1.502875,0.4873978837041953,0.43289474890739227
1.503,0.21926129294262595,0.4626409148809738
1.503125,-0.023743182479750907,-0.04902070355940954
1.50325,-0.13272196631511046,-0.3103925404581564
1.503375,0.017369377809721316,0.16628719159050612
1.5035,0.05631584569064992,0.34820695333921814
1.503625,0.4844140074145297,0.2052937097746753
1.50375,0.01894204496819893,0.07753794319133946
1.503875,-0.04699902375641274,-0.04831910847086305
1.504,-0.3784493730887777,0.024676470854901492
1.504125,-0.19387630213951523,0.11873724258036189
1.50425,0.41599757383527897,0.15015591671868395
1.504375,0.42343914616344186,0.028555926225377823
1.5045,0.051186795807996836,-0.19942467844597545
1.504625,-0.031462591273506424,-0.38377537058564204
1.50475,-0.06719020288145362,-0.061041343354242376
1.504875,0.009163334502748768,0.48486988107715456
1.505,-0.11483987387057404,0.1840015935734282
1.505125,-0.06432856781592389,-0.09083742310866033
1.50525,-0.3345830123123423,-0.21458586901211926
1.505375,-0.37635875704200994,0.11802903797210841
1.5055,-0.11400441843708913,0.19833432229756545
1.505625,0.3995636468734184,0.3629172770038276
1.50575,0.09857240941055267,0.3053439412472497
1.505875,-0.18689220356042177,-0.2264305216124839
1.506,0.018331719012661847,-0.3952115307412846
1.506125,-0.14491131480228964,-0.11821011351055154
1.50625,-0.2014813350960277,0.28523314628088836
1.506375,-0.09545494817511317,0.15831985645486887
1.5065,0.11795015809583388,-0.04933017928452294
1.506625,-0.047478634078907754,-0.14923099099660989
1.50675,-0.44592606225263354,-0.09856688613905253
1.506875,-0.38053486925679914,-0.09487107472682947
1.507,0.12158677426659965,-0.056077244842123834
1.507125,0.2190463021796037,-0.05614769370012491
1.50725,-0.2335583324598127,-0.06151329437865433
1.507375,-0.45312628207882866,-0.24310081779797715
1.5075,-0.34181287394997156,-0.02847585674656175
1.507625,-0.2797881016618792,0.3036606652260965
1.50775,0.08312895176870992,0.21490778810909836
1.507875,0.30382435494070115,-0.16199543219716625
1.508,-0.1688090626049079,-0.15757825336518766
1.508125,-0.2837223035741455,-0.0007020578747197616
1.50825,-0.18244488823755195,-0.09401360424557301
1.508375,0.29997967494143185,0.028713453587674916
1.5085,0.24493682944898393,0.16479944224236967
1.508625,-0.0485408380696344,-0.19809201929513873
1.50875,-0.059028829846554734,-0.4621030342352124
1.508875,0.2351367233968585,-0.23563608554538798
1.509,0.4113999763903903,0.0578262905252108
1.509125,0.3134535223225565,0.16666381791113022
1.50925,0.26697556256523064,-0.2769696028584885
1.509375,0.17559523006006458,-0.560533631723689
1.5095,0.05944817075715348,-0.2734032146938479
1.509625,0.08098163022251692,-0.26599748688348057
1.50975,0.3729349653581459,0.06250503627365252
1.509875,0.5582077317818488,0.043662200487736856
1.51,-0.1748795781988223,-0.1407330981237156
1.510125,-0.4010506120062383,-0.374316759445351
1.51025,-0.06756467769123722,-0.29454686735444774
1.510375,0.2833844124324601,0.255628182516419
1.5105,0.11970837370869893,0.3634046153420633
1.510625,0.05551513552725213,-0.05103063091143739
1.51075,-0.022914688303397306,-0.1619579489847437
1.510875,-0.19027765122461954,0.13884174922757037
1.511,-0.05089940118712875,0.09789636151766754
1.511125,0.00242497284842701,0.28329527181442116
1.51125,0.3119394011885063,0.2932023592578588
1.511375,0.13901428558107845,0.15883329817235914
1.5115,-0.18815053308117258,-0.018285338387038098
1.511625,-0.05237352617880284,0.18987655156631555
1.51175,0.26607835828094,0.22713505346984633
1.511875,0.12300786560971087,0.4248011671654761
1.512,-0.062013790579278624,-0.035671117203800215
1.512125,0.18319779547718743,-0.4407759700828437
1.51225,-0.036382838383032995,-0.06346102891424034
1.512375,-0.20841284588479644,0.3585537991851613
1.5125,0.08799494000426679,0.11765263509480425
1.512625,0.29503494015516113,0.1141115456388167
1.51275,-0.02206326262328445,-0.1630893657699473
1.512875,-0.3270707690770602,-0.2438391000423683
1.513,-0.08079269300890025,-0.2732251267128203
1.513125,0.12933631516876246,0.17857398856146203
1.51325,-0.0576521320802801,0.251649351442528
1.513375,-0.1102155421337077,0.02421514836976248
1.5135,-0.06429829639484524,-0.18425990986484844
1.513625,-0.5686662259370056,0.011725521717125051
1.51375,-0.2446672848008917,0.29292638991598363
1.513875,0.13470802397271756,0.094306692834531
1.514,0.37559254210903686,-0.04527483346371428
1.514125,0.2585400860460914,-0.007196634889445668
1.51425,-0.19153902348599297,-0.1328452467248035
1.514375,-0.17832841146694656,-0.1409867152659696
1.5145,0.27467014766621983,0.1459782529609976
1.514625,0.16146420417448615,0.17833697657100928
1.51475,0.09656009827215323,-0.06411827692682572
1.514875,0.02474532401072377,-0.27211481443565483
1.515,-0.20827597513149484,-0.16120150373210004
1.515125,-0.40837807486750805,0.07966763934433269
1.51525,-0.04537987180464417,-0.1912384286673862
1.515375,0.1381070816641628,-0.17700049646827692
1.5155,-0.11616465505188721,-0.04862270228060192
1.515625,-0.5710784229356954,-0.23217738425639062
1.51575,-0.4400394465088264,-0.42804688158683607
1.515875,0.030721951547433814,0.035713378755950126
1.516,0.18454376321512136,0.22818964156905658
1.516125,-0.07341836451657016,0.06493196480764307
1.51625,-0.11600549414135919,-0.20067689848013626
1.516375,-0.21034494958217995,0.047413811622652374
1.5165,-0.2892127581704391,0.12321952936230042
1.516625,-0.07491988730542232,0.16802559923849117
1.51675,0.5436672594021976,-0.0019627452214886544
1.516875,0.25511998823726134,-0.05224181197242237
1.517,-0.18202859791556056,-0.2652015876917167
1.517125,-0.17500041794679166,-0.2643846375265843
1.51725,0.17429835280256342,0.02560252408561452
1.517375,0.3094300029365413,0.12541789920246332
1.5175,0.15824669538301664,-0.06035058341181534
1.517625,0.1044651606228114,-0.4574719125448022
1.51775,-0.0047104002426027304,-0.4162041042317411
1.517875,-0.17610417054140853,-0.04887247548008403
1.518,0.10260261339149661,0.17400873815595314
1.518125,0.3795027150592677,-0.05313958875413021
1.51825,0.1427808568172459,-0.09220219122711089
1.518375,-0.330065993893959,-0.13894329219688376
1.5185,-0.09590549312428812,-0.19240750973029408
1.518625,0.26369657218749254,-0.02230655638214191
1.51875,0.4941544675953284,0.4496572631863364
1.518875,0.1814654680282783,0.2375435172350077
1.519,-0.026450606083554984,-0.31530081765490126
1.519125,-0.20937759514835336,-0.2514839512595147
1.51925,-0.05864627546458859,0.1326926840025624
1.519375,0.22635625415666763,0.30384041233510306
1.5195,0.3598548868347675,0.22303840632993696
1.519625,0.2694978096935398,-0.10090844563411229
1.51975,-0.2940984970779844,-0.09223647067776751
1.519875,-0.44547702488919655,-0.23386056576465497
1.52,0.10480383806604834,0.2929746464216323
1.520125,0.5699052938881358,0.4597287939783686
1.52025,0.31626518796526026,0.021102408574575276
1.520375,0.06562620545850809,-0.374259748026527
1.5205,-0.13954104908890147,-0.2888415348920649
1.520625,-0.1701550898610557,0.14746054160006536
1.52075,-0.011276313792020041,0.426167497789049
1.520875,0.20249575875574133,0.18593125410651998
1.521,0.15282531168284164,-0.008448701802102195
1.521125,-0.020544669315291413,-0.08626703543447188
1.52125,-0.08762967520632628,-0.29772521028303905
1.521375,0.1214199076043252,0.16039482032045557
1.5215,-0.08805371403434382,0.3841622257087005
1.521625,-0.15450618038107344,0.12330816199024454
1.52175,-0.3685013353698231,-0.3653284237946015
1.521875,-0.18729546426862337,-0.3984883069267455
1.522,0.09360421006374078,-0.07073013034772054
1.522125,0.014704856865297041,0.45285952222411224
1.52225,-0.027265395435916426,0.2274962903002752
1.522375,0.148992014885609,0.11894186838465988
1.5225,-0.05050321140905214,0.015933680082114526
1.522625,-0.3617269222542957,-0.1407412465011437
1.52275,-0.10684524723206278,0.07593210725842461
1.522875,0.26466368243112326,0.11523160438757603
1.523,0.07483149636531487,0.33564194343311143
1.523125,-0.40655789161972744,0.07496232741679706
1.52325,-0.2191547304598432,-0.2228909767463883
1.523375,-0.12606934959581104,0.08961633310687936
1.5235,-0.24743564235323434,0.21176533466207267
1.523625,-0.012180035141193485,-0.1931029562521181
1.52375,-0.008725382292259736,-0.15806727734276246
1.523875,-0.2818987775409442,-0.19452603290190273
1.524,-0.4206026317470748,0.06634747347846569
1.524125,-0.10868202102821446,0.13153606758459405
1.52425,0.069207760825282,0.17680806059978502
1.524375,-0.08238644889153268,0.05508225175618052
1.5245,-0.42494667895776544,-0.2567953743613294
1.524625,-0.08587535585394651,-0.18661397775846975
1.52475,-0.024707163143751938,-0.041116631290326694
1.524875,-0.04013318810868643,0.24504096484181184
1.525,0.3039531092450319,-0.02704615837334901
1.525125,0.3318973044440604,-0.36283478197873226
1.52525,0.0174574955137217,-0.20440236899700054
1.525375,-0.23496510074326601,-0.32378174376893054
1.5255,-0.2520118555301187,-0.19945539469119786
1.525625,0.16506541547452366,0.0881272430063
1.52575,0.2715513651385673,0.05609248170008474
1.525875,0.2769423420477764,-0.12029066964321945
1.526,0.07483117197768895,-0.40350338482897696
1.526125,0.31756753637910284,-0.25155175788622164
1.52625,0.4554914865734001,0.029445692742136834
1.526375,0.3226116784382408,-0.09073041079140769
1.5265,0.23497026708468047,-0.1690487514080268
1.526625,0.017734824106371252,-0.12105321483761071
1.52675,-0.3178429691971776,0.060506749228850625
1.526875,-0.08210325784554183,0.06646783496488771
1.527,0.3486512274947997,0.2248641900974807
1.527125,0.2901068729022894,0.3879985466750609
1.52725,0.04471628599824231,-0.024041725756209734
1.527375,-0.3162326688898816,-0.2605091043542108
1.5275,-0.11490403994457216,0.004501973512238046
1.527625,0.13725133307831908,0.2987821958344619
1.52775,0.2625159440586562,0.2420402656136866
1.527875,0.23349994925376633,0.053009176230957786
1.528,0.034216496276849646,0.22088946459127975
1.528125,-0.1855724484965217,0.17802534855195762
1.52825,0.09676787323159546,0.17366314507461314
1.528375,0.3819447833171757,0.21042610227037542
1.5285,0.22911568913315458,0.18697925055254747
1.528625,-0.20766161470208225,0.10693441384582587
1.52875,-0.20815080950003986,-0.06717688128446507
1.528875,0.13290992924374986,-0.11976758028772898
1.529,0.08522820481676675,0.1735296781001461
1.529125,0.08948327836435943,0.37356158520031535
1.52925,-0.01120064975438059,-0.015378488101785421
1.529375,-0.18525732411577464,-0.24839815087757613
1.5295,-0.2783951634250454,-0.04207381612866347
1.529625,-0.31089867460820936,0.019742690293141966
1.52975,0.03751346368382638,0.15555782914160757
1.529875,0.36211393490499216,0.18547760423904716
1.53,-0.18466052054177187,0.026261700241662016
1.530125,-0.40351329297794264,-0.14791639690907502
1.53025,-0.18544139998779685,-0.08273998459588318
1.530375,0.3842456216218956,0.3854792598891688
1.5305,0.20838347242078684,0.28851864310397696
1.530625,0.26962847168852244,-0.15397356756314665
1.53075,-0.07958777128995277,-0.21279331064007942
1.530875,-0.2258420425242514,0.1365046072223279
1.531,-0.35843579068931747,0.208833317798549
1.531125,-0.007689824629962067,0.026230433604609207
1.53125,0.26705437841692675,-0.1420067652129166
1.531375,-0.24659376561105845,-0.12058829338840565
1.5315,-0.42253661533555664,-0.3397237556522706
1.531625,-0.20361486750460994,-0.15608240206858554
1.53175,-0.0071431927546373305,0.22059498615020584
1.531875,0.05495638549914127,0.28565322792295506
1.532,-0.04385716824874648,-0.033570464668168314
1.532125,-0.08347235851023026,-0.31447881718100457
1.53225,-0.24556285295393188,-0.07340205797225184
1.532375,-0.4436022168402905,0.20428606996171605
1.5325,-0.1460921091428202,0.27619136381707987
1.532625,0.130036490391043,0.09112687553338125
1.53275,-0.17557610282952632,0.0451292142486715
1.532875,-0.4174097886352471,-0.3126670301649079
1.533,-0.30512372751848454,-0.2990161355404924
1.533125,0.22705784497695963,-0.07950347208868525
1.53325,0.15150877850905609,0.14219842785812245
1.533375,0.011383026044327279,-0.32855184397908294
1.5335,0.15438360902021966,-0.4822678630293216
1.533625,0.13370189120770568,-0.31034946282654224
1.53375,-0.0328792386171622,-0.004376820939866615
1.533875,0.35253640276187,-0.06610305807755507
1.534,0.47122876946117787,0.023570555472448084
1.534125,-0.0439746382982395,0.009324778033238765
1.53425,-0.37871303073153056,-0.3578340597831061
1.534375,-0.07668223354663277,-0.33496172751474385
1.5345,0.22814777656625065,-0.059263990464420394
1.534625,0.22184029344031556,0.23952271822209392
1.53475,0.1382846981764553,-0.03975443861558448
1.534875,0.0034480399433285455,-0.4334061563627591
1.535,-0.05041041347222974,-0.25905442141867774
1.535125,-0.04472144748560746,0.21792344897778806
1.53525,0.12278247550909094,0.19876489814806825
1.535375,0.3429422716703084,0.07630320329324856
1.5355,0.08484934292978878,0.03869542834079106
1.535625,-0.4037210996132537,-0.06374792173558531
1.53575,-0.2727282893410122,0.11338491364114879
1.535875,0.029026047106146202,0.321966702337373
1.536,0.19697101530700586,0.4091792983158621
1.536125,0.11088714549738364,-0.016573435428767408
1.53625,0.04048983206469164,-0.35105712053143284
1.536375,0.07607801364252119,-0.09228473681958546
1.5365,0.0043236908788028584,0.3400007641476719
1.536625,0.0018402717692741315,0.2685447310086636
1.53675,0.0076786215684879,0.14806371280721775
1.536875,0.1459293514460679,0.10246326326689943
1.537,-0.09632311744498513,-0.05925621553706703
1.537125,-0.16312837644350064,-0.0211313706121299
1.53725,0.3816413670652748,0.05663557669508998
1.537375,0.3086260632090061,0.2787477142392838
1.5375,0.22646902316838716,0.13861712006520896
1.537625,0.07164695921729199,-0.11871748810198172
1.53775,-0.09897269800467058,-0.3099835443705642
1.537875,-0.19853091352352137,0.1042780963168558
1.538,-0.26716463279235475,0.10607166649548912
1.538125,0.16319939805331143,0.17085687151907505
1.53825,0.24340399130373735,0.11755287644430172
1.538375,-0.335875236053013,0.03133626030826747
1.5385,-0.48199113584916276,-0.025742096711976668
1.538625,-0.1729487472695404,-0.04438124654854399
1.53875,0.18640009817428102,0.18690630940109795
1.538875,0.15290080760956792,0.13305956027481514
1.539,-0.18930996469369082,-0.05692372494044842
1.539125,-0.21789424786826112,0.0011226970241682746
1.53925,-0.29653014585149834,0.18126824461183938
1.539375,-0.007825035375789895,0.09336067440417507
1.5395,0.18266303130249445,0.15621268887994533
1.539625,0.1449399192441872,0.027481724074834284
1.53975,-0.14022378508439653,-0.0659584533177026
1.539875,-0.383962839892407,-0.3061682174478931
1.54,-0.10841960056629832,-0.1888977170897099
1.540125,-0.03172304651424539,0.13266237215175145
1.54025,-0.05016101272749688,0.09700608833019683
1.540375,-0.23017255280253945,-0.2277502274068687
1.5405,-0.2095513177979248,-0.3970887228039867
1.540625,-0.34877482201625876,0.006292534966877856
1.54075,-0.17353899664975123,0.1044950312873866
1.540875,-0.030761449316552576,0.024468184180829623
1.541,-0.04466561564250962,-0.24921163541818975
1.541125,-0.21355896623049117,-0.20977746802114905
1.54125,-0.28481552218948153,-0.20760618731306876
1.541375,-0.0712504683734226,-0.019370131747502958
1.5415,0.08729430483861861,0.20425210089887064
1.541625,0.056059286881607454,-0.01584358151023283
1.54175,-0.09317340926299639,-0.18142562807519738
1.541875,-0.13711211060100803,-0.29985896433604453
1.542,-0.07118916882451601,0.03418031083826984
1.542125,0.04212563958907153,0.09116274076363817
1.54225,0.253745071276366,0.09268268385880508
1.542375,0.33309107803782,-0.3177842074839963
1.5425,-0.01674219038999562,-0.2479379050096612
1.542625,0.021653010480142416,-0.1269089302140659
1.54275,0.12598663219153072,0.07454988665445479
1.542875,0.5914769264050898,0.12234366831261373
1.543,0.5457805872563997,0.013727686065168344
1.543125,0.25120421368690204,-0.29927873997540705
1.54325,0.1145689200798133,-0.3660482187627951
1.543375,0.014858293198083834,0.013531002674164488
1.5435,0.09173571009360265,0.22918265170655824
1.543625,0.2692879210554346,-0.09075320040248949
1.54375,0.27326375535643066,-0.1184869048836465
1.543875,0.0012336739588983414,-0.06333591863650885
1.544,-0.22624771510424987,-0.18011048616112538
1.544125,-0.0538590490407576,-0.026363016726684577
1.54425,0.34461708345417563,0.31560849095008225
1.544375,0.026851970116787506,0.420177668352154
1.5445,-0.11328389047126515,0.0798731466867721
1.544625,-0.16327006673774797,-0.15274690682602043
1.54475,0.13556401294957668,0.19657278813231588
1.544875,0.44284801688828973,0.40791619554151515
1.545,0.20728898845831314,0.3917439191161442
1.545125,0.2343321011804214,0.2267872819922704
1.54525,-0.09520308048057315,0.133283114289668
1.545375,-0.42791734254342895,0.2092934595637953
1.5455,-0.03151463374404741,0.019649354031197476
1.545625,0.3012957883633349,0.11447679046353973
1.54575,0.4130277253231055,0.2349793736345282
1.545875,-0.07199983484876402,0.016740693566726157
1.546,-0.31412592687651575,-0.04836874634919508
1.546125,-0.16074986417844303,0.02138767376388514
1.54625,-0.10728602809126105,0.31237095838994927
1.546375,0.21256344901811142,0.039985819362135744
1.5465,-0.018208562668296423,-0.07071928363113131
1.546625,-0.25366788865049456,-0.17858505242976122
1.54675,-0.5711315978201363,0.14488482450689757
1.546875,-0.17173682514241653,0.20643967646283395
1.547,0.10037219088076495,0.279768003540128
1.547125,0.37980572770253157,0.07125420668674338
1.54725,-0.21372088698529154,-0.1566581357703916
1.547375,-0.2347582492479214,-0.4908329423961725
1.5475,-0.20831639357498016,-0.02387556871200178
1.547625,0.18343252490171563,0.39444900383018255
1.54775,-0.01992471932919417,0.19675357840507343
1.547875,0.057808837470721595,0.02927676782651979
1.548,-0.13071944784138792,-0.4468632564170004
1.548125,-0.30856112183952594,-0.06714565471705387
1.54825,-0.2462297838670053,-0.03141206121367741
1.548375,0.09039600623232938,0.01006863166097352
1.5485,0.2092131901103419,0.14186466770781467
1.548625,-0.10666531314536691,-0.12663519259678707
1.54875,-0.28717077940308655,-0.42249213319413864
1.548875,-0.02212070418169043,-0.3371520198146364
1.549,-0.08533426688934621,0.13768064790041903
1.549125,-0.11722868962412382,0.3406045762731937
1.54925,0.05092409242962452,-0.051125099407186875
1.549375,-0.2226201274422594,-0.1317363632041211
1.5495,-0.3934582676264722,-0.07361481232648655
1.549625,-0.23859145388081374,0.12720416913418675
1.54975,0.19134734933450362,0.01947520479381312
1.549875,0.34623879428300885,0.16741310188409317
1.55,-0.16431608530845473,-0.046015881103808644
1.550125,-0.0637544603607322,-0.30605339167038065
1.55025,-0.022314264648947903,-0.20180912725786185
1.550375,0.06998887626114701,0.02134262893293505
1.5505,0.1690554409979964,0.2207065911646726
1.550625,0.3280441228699441,-0.021945416594246397
1.55075,0.32997655249694113,-0.20534175340747174
1.550875,-0.1874781465139361,-0.28586563733473025
1.551,-0.11256483871993228,0.001145822559444262
1.551125,0.3783960089803556,-0.0637663762880938
1.55125,0.4216750803161436,0.008884746514333202
1.551375,-0.09313991860539059,-0.225716906786084
1.5515,-0.285509664272479,-0.39442121552721104
1.551625,-0.1770240589400176,-0.11539369437648
1.55175,0.2921737856733892,0.24824575557178652
1.551875,0.1578822124644686,0.17919103521554847
1.552,-0.047513813980940296,0.023908858441931885
1.552125,0.19327195929207525,-0.24399660329283585
1.55225,-0.15195556972529703,-0.07511702972646185
1.552375,-0.08653540907071434,0.030082128999606054
1.5525,0.2223895284484947,0.15994932579296478
1.552625,0.25476023963947797,0.18818690413638023
1.55275,0.052558886786591416,0.20200926296859703
1.552875,-0.1341175431427962,-0.12561238844630324
1.553,0.21580790766364397,0.020657941301193587
1.553125,0.10791550152503557,0.3356146749146333
1.55325,0.3638944116616231,0.4008138423574005
1.553375,0.08484786088979546,-0.10294584384473912
1.5535,-0.04014725791862248,-0.33275194299731253
1.553625,-0.21444131915320927,-0.16272542220045497
1.55375,-0.2406369662377947,0.006833901176199056
1.553875,0.04957841547834793,0.2009346830454892
1.554,0.424801863311735,0.04200887252527375
1.554125,0.006231460556398385,0.08420024449966972
1.55425,-0.20697287158835748,-0.05094076357196274
1.554375,-0.16361685107705579,-0.04966772792455321
1.5545,0.2624958586407749,0.09058802333110738
1.554625,0.34443705892176596,0.2847108807908427
1.55475,0.18719445700116316,-0.20703020778463657
1.554875,0.10295216748379234,-0.125071995806324
1.555,-0.17218895106065546,0.06173005167740677
1.555125,-0.4248656785466828,0.18172664873694686
1.55525,-0.11181936116126684,0.13686066049193782
1.555375,0.4371901477671643,0.03539332327078388
1.5555,-0.04919700155748718,0.08252009052090702
1.555625,-0.46649426915419234,-0.22288229278132737
1.55575,-0.30504463342638216,-0.12978928627582695
1.555875,0.007949647244277123,0.14572142349001665
1.556,0.37536449604794525,0.2018961108106602
1.556125,-0.084686055227275,0.09205140422050058
1.55625,-0.260786161861178,-0.3300673212879988
1.556375,-0.44768745897923634,-0.17878884745059534
1.5565,-0.3359740909745348,0.21517448862816438
1.556625,-0.016955809187152626,0.2308564964739327
1.55675,0.1799740787410222,0.13804057006355264
1.556875,0.1967767741056568,0.19546478568638276
1.557,-0.3465677811229405,-0.21182187488748755
1.557125,-0.4172276390375616,-0.39416876828938313
1.55725,0.09283242219269061,-0.13888661463546106
1.557375,0.14211489133212768,0.2056423619551937
1.5575,-0.07562401689053454,-0.032604581583175855
1.557625,-0.18533401136246222,-0.4313798068295154
1.55775,-0.2967398043393184,-0.2261908608786662
1.557875,-0.39685819524256233,0.10536018460560295
1.558,-0.3609765310605107,0.20126861904561705
1.558125,0.12778874916037847,-0.0714058323248545
1.55825,-0.04105514857388134,-0.2709380714216884
1.558375,-0.24306571920306652,-0.28381423504425535
1.5585,-0.09289387695592996,-0.302769946528828
1.558625,0.26009708709685775,-0.06913933312902926
1.55875,0.4813311988175807,0.1604200789599918
1.558875,0.38903399566729224,0.1324662699115134
1.559,0.16481720321911256,-0.3839582807138027
1.559125,0.0011204358557427181,-0.2576064279592989
1.55925,-0.09888160025939711,0.07548008711413723
1.559375,0.18925249124875093,0.009721085811534
1.5595,0.4965602773906958,-0.15850852381154953
1.559625,0.4356021198577456,-0.0982583704598096
1.55975,0.03550749394117478,-0.13618515286231397
1.559875,0.06930938152675543,-0.25165334145455165
1.56,-0.021831244313476487,-0.015681924511099822
1.560125,0.12370382768134562,-0.029895495217223636
1.56025,0.1968515527543362,-0.04712678212229232
1.560375,-0.11310681408696281,-0.3140640392270529
1.5605,-0.21625088472005125,-0.11100692158433174
1.560625,-0.03175183392729778,0.26836491309325095
1.56075,0.05269169236124408,0.3694462093326023
1.560875,0.1441301570168581,0.37040148027768915
1.561,0.37296166408888903,-0.07338153786395611
1.561125,0.09971669706763776,0.10088588019567146
1.56125,-0.09667732622990373,0.055746947103531425
1.561375,0.07102482057253282,0.20226453377221007
1.5615,-0.026691300257268107,0.552811136425321
1.561625,-0.10597452804525763,0.24643426259955056
1.56175,0.006782513609874575,-0.03567363148995653
1.561875,-0.16756576365047074,-0.12251678746589806
1.562,-0.10141498204259047,0.13458544499379158
1.562125,-0.06328925048108291,0.20251467081664784
1.56225,0.01193283729597335,-0.022711030954925056
1.562375,0.11815728627577543,-0.1649327226663906
1.5625,-0.1300478670512561,-0.08979541382955383
1.562625,-0.22467092886024678,-0.06818870410563835
1.56275,0.18264445631193582,-0.03369658837239237
1.562875,0.42894598831059455,0.2432733545005935
1.563,0.02094185255087069,0.28946382958473127
1.563125,-0.25862663650355777,-0.11357568852065565
1.56325,-0.29440625808598114,-0.27367488890527875
1.563375,-0.23911935523489855,-0.004223099519308389
1.5635,0.036626346586827896,0.13630518640962253
1.563625,0.26972214506783826,0.02679611815632985
1.56375,-0.0041806808539586555,-0.13758520453273862
1.563875,-0.11855930439191813,-0.19412492558493608
1.564,-0.3861336805454601,0.152921509805465
1.564125,-0.2519679990549063,-0.05229365099501767
1.56425,0.2939283027583098,0.1533426445740154
1.564375,-0.015934291646493858,0.0758069071206333
1.5645,-0.2755642733274844,-0.017774305771888713
1.564625,-0.31549022814902905,-0.14229232946694495
1.56475,-0.16482365439007476,-0.02485333511584633
1.564875,0.08600096778571889,0.3236511029617739
1.565,0.22519400967386446,0.07316193236800028
1.565125,0.09512590900639958,-0.2754850015435338
1.56525,-0.08302115487717322,-0.2458171493960118
1.565375,-0.6430197034276737,-0.16442798022943497
1.5655,-0.32879773536220513,-0.11102398072499449
1.565625,0.15634750502372818,0.13001601893017029
1.56575,0.06153603087107504,0.07110431845244046
1.565875,-0.12318946735864207,-0.12422381659273793
1.566,-0.29859740539945806,-0.4338676685298081
1.566125,-0.21369513204608082,-0.28711817867192585
1.56625,-0.0259421289062042,0.24376764586217567
1.566375,0.2250095089527751,-0.008371048851133057
1.5665,0.18315439390123114,-0.21894980391690566
1.566625,-0.004662593160516927,-0.323874948064545
1.56675,-0.27398093852963523,-0.18876365011972882
1.566875,-0.28541907277208645,-0.2456807692101393
1.567,0.48726357920300184,0.04594041355912015
1.567125,0.35666165102761616,0.23295985576089312
1.56725,-0.10692422573901511,-0.15873975088342188
1.567375,-0.027065979430548382,-0.4618600336557728
1.5675,-0.013000026072582549,-0.251726972429614
1.567625,0.14430393241952666,0.20608540391147237
1.56775,0.07202830827651546,0.11744229926105568
1.567875,0.1737311100987089,-0.19419477719742337
1.568,0.1043320288168883,-0.24837071142545303
1.568125,-0.18583219059851225,-0.09265748708623925
1.56825,-0.23239973208626277,0.039870067900517725
1.568375,0.26027993783927705,0.11993636351424346
1.5685,0.41115928275830116,0.4230676576371454
1.568625,-0.06345382600930928,0.11706965604353546
1.56875,-0.040540410660658,-0.2415957014487146
1.568875,0.17434827714291043,-0.18955681584511094
1.569,0.24461023902353712,0.30384988599511853
1.569125,0.02098587180050324,0.47041802193378945
1.56925,-0.045652266690500334,0.20382579290254166
1.569375,-0.04130720864689273,-0.15263566715906246
1.5695,-0.03367151527263329,-0.10046350851836516
1.569625,0.11047230609944184,0.09741530050677473
1.56975,0.24219217669025375,0.0701420134598266
1.569875,0.26679510727937333,0.2070027540197978
1.57,-0.11327935488561665,0.07094762923680015
1.570125,0.05694094771356997,-0.09591167657204334
1.57025,0.09839500215828434,0.025856532683802134
1.570375,0.2128304749294349,0.22874006100750177
1.5705,0.09429615340110573,0.23429026931036476
1.570625,0.006139841212355097,-0.13274081025992968
1.57075,0.1720324357948997,-0.20925476257630687
1.570875,-0.20303477994370445,-0.026651248167621034
1.571,-0.14046082198736035,0.09990733302434332
1.571125,0.0568776969192109,-0.07533169828167775
1.57125,0.31106865692508107,0.09957162243550778
1.571375,0.025353026510245624,-0.060488287358056864
1.5715,-0.4442245070666378,-0.30801621185423156
1.571625,-0.2749627052810077,-0.14198246926172345
1.57175,-0.055913227821712604,0.3876405469661845
1.571875,-0.008337008882168456,0.16424921826349945
1.572,0.05415967023368473,-0.041095142773307926
1.572125,-0.07151170386417538,-0.08491358911244767
1.57225,-0.21427504744956716,0.04163046815789935
1.572375,-0.004021694688537221,0.1766218042050118
1.5725,0.02363986949053229,0.13395128484965418
1.572625,0.2908927928063406,0.21999902591861625
1.57275,0.09976129066007759,0.0031195069734909443
1.572875,-0.1625839796761036,-0.27234475234895456
1.573,-0.24477539085800934,-0.2777633766696798
1.573125,0.060910240662675606,0.056170324832495455
1.57325,-0.06771105720755707,0.2124675777757125
1.573375,-0.2883243018454143,-0.11182287124944337
1.5735,-0.2210322665720459,-0.2878592600083569
1.573625,-0.3123306028658263,-0.26084930700910375
1.57375,-0.3545019088201785,0.026245004436151492
1.573875,-0.07347627773335205,-0.043962885350948284
1.574,-0.07981494532307971,0.20087286296000187
1.574125,-0.17564451138369902,0.06734258091704431
1.57425,-0.3695066570068082,-0.13296792290202536
1.574375,-0.29927989705995406,-0.12006274379204519
1.5745,0.170477436993529,0.1539528988445771
1.574625,0.2215019337530015,0.18044910155304764
1.57475,-0.08398679026727601,0.020084098939938365
1.574875,0.02158155913386605,-0.18623835741957323
1.575,-0.07621416437464916,-0.24284757032587004
1.575125,0.01811351496784937,0.10418381076348467
1.57525,0.1839012585970682,-0.08492862681268033
1.575375,0.474194075487256,-0.21174859240285746
1.5755,0.35616669555327046,-0.2225204259855233
1.575625,-0.15181259557334062,-0.27867654799217895
1.57575,-0.03097027116340374,-0.33545157927118974
1.575875,0.16544669987450533,-0.1586409419277628
1.576,0.4676800803431369,0.07473262174350007
1.576125,0.10588546869220972,-0.10587601287000685
1.57625,0.0714586997773215,-0.29513182762814993
1.576375,0.08122668606254317,-0.16657906433150566
1.5765,0.08278112077965877,0.0904582461486629
1.576625,0.1006885998358229,0.16353401137031146
1.57675,0.20700323193775041,-0.014990399826447664
1.576875,0.029282540810327284,-0.05215145794288229
1.577,-0.1614303576016649,-0.016924614166211275
1.577125,0.06880859644744686,0.11311786138116138
1.57725,0.35256332203876245,0.06804684491251117
1.577375,0.10834095533334283,0.2986780188320356
1.5775,-0.08251938950813066,0.13031189605355437
1.577625,0.06615756819883599,-0.16962768813573156
1.57775,0.031607032095298145,0.11559332125203069
1.577875,-0.025229506519215232,0.20579200064115893
1.578,-0.0646311120641709,0.2186966282619835
1.578125,0.16622509200390287,0.05573515261531717
1.57825,0.45008838281941843,0.09477319683634847
1.578375,-0.20359757952539922,0.19948262691535584
1.5785,-0.17857544552369703,-0.02447763237487124
1.578625,0.057956498925721016,-0.03506547488480756
1.57875,0.15913152983091364,0.19795698796174968
1.578875,0.049877734400231695,0.12258625724645193
1.579,0.1989522239099994,-0.0702446540435135
1.579125,-0.21152104571533442,0.143872297122775
1.57925,-0.0756329858511291,0.33181060510232646
1.579375,0.0832853540736446,0.1897885833297211
1.5795,0.3453892056872403,-0.18869419427570072
1.579625,0.025946567097834782,-0.24136339767307446
1.57975,-0.17611581596154358,-0.05377335533689901
1.579875,-0.37774358397927316,-0.02517035753903018
1.58,0.053691347547498436,-0.05854982353218411
1.580125,0.2441568093731997,0.12425714946746617
1.58025,0.12832573649675047,0.2042552951666761
1.580375,-0.149147928981631,-0.21578989815964755
1.5805,-0.13925985351480963,-0.26960771757194796
1.580625,-0.14051291161706542,0.04203697969835077
1.58075,-0.15977858473685827,0.19237337564757326
1.580875,0.06753058139449113,0.2713586326031231
1.581,0.20167523222063946,0.06920076978237462
1.581125,-0.12968810557423305,0.01808804493889089
1.58125,-0.3139625911460946,-0.09585195716526865
1.581375,0.010711488185806962,0.018313563700082653
1.5815,0.29771794117180006,0.22979143143696645
1.581625,0.12399114776064259,0.07205914472857625
1.58175,-0.5335052818915296,-0.2546704536750706
1.581875,-0.36284036389781527,-0.22597741149122635
1.582,-0.3192884981908814,0.20005567641944064
1.582125,-0.30126136141966176,0.0929835992405284
1.58225,0.1532637872092754,0.14073908382489766
1.582375,0.018771716212434085,-0.1724829168588391
1.5825,-0.31240303743768694,-0.22472969768539663
1.582625,-0.3856871954324953,-0.2404083383648579
1.58275,-0.17609554265482283,-0.02231670004921089
1.582875,0.27148909478098454,0.08796415713971531
1.583,-0.025590541048973375,0.13898424031861203
1.583125,-0.15943155591840427,-0.3304699330466848
1.58325,-0.006293367618653286,-0.41248529963413993
1.583375,0.17363491240751933,0.04306947796034574
1.5835,-0.05535377056924289,0.1739669345280475
1.583625,-0.07490141154107774,0.044651784478821226
1.58375,0.03951294951918289,-0.22504118897024664
1.583875,-0.16925992941214202,-0.23886753120288515
1.584,-0.22002290521981258,-0.236330578274092
1.584125,0.013239074816473231,-0.2656175634956035
1.58425,0.3354967349629484,0.03349332510273761
1.584375,0.3335048584905404,0.011203612906532422
1.5845,-0.024747553630000092,-0.1038649599880867
1.584625,-0.15848835597140912,-0.2929667151074828
1.58475,0.0519848094940488,-0.0970303377159121
1.584875,0.1599124382369335,0.08920503705280922
1.585,0.11518863693795846,0.05125292514291667
1.585125,0.2131219620807248,-0.24365550089117477
1.58525,-0.07831763155320545,-0.1970567954425122
1.585375,-0.3521402023805569,0.09133261952392333
1.5855,-0.05331515518783193,0.12063395229316372
1.585625,0.43629730993888877,0.01412795516983271
1.58575,0.30625446778319954,0.029293998050543748
1.585875,0.12429370507318571,-0.10878604632404518
1.586,-0.12188600306098187,-0.3971580084029308
1.586125,0.11276920443762008,-0.035001847224209175
1.58625,0.2781940130987954,0.41726769372915323
1.586375,0.05154785897821361,0.38562764700608376
1.5865,0.18467881991918692,-0.10454613764902518
1.586625,-0.18787264479466606,0.013296836326967825
1.58675,-0.3339540375872241,0.07275875375364227
1.586875,0.13847666630734956,0.17251372172999774
1.587,0.47977639838295877,0.355170246574772
1.587125,0.2583431228870914,0.34151576831482944
1.58725,-0.125643815534345,0.05105963066583247
1.587375,-0.21311445986179897,-0.20171216267131642
1.5875,0.16009268700869103,-0.03050687916326075
1.587625,0.16665395211166245,0.33011395782226466
1.58775,0.17743037806084125,0.13220200559085504
1.587875,0.012549925845855143,0.02854480129327057
1.588,-0.2709317774106599,-0.14879660143456166
1.588125,-0.37681540348623116,-0.02647086323072534
1.58825,-0.012032328578391805,0.25205473305938564
1.588375,0.4280989138146622,0.18929457299993677
1.5885,0.20678076478224267,0.1907137417182689
1.588625,-0.4529877680914224,0.09817201357769122
1.58875,-0.6669269107493857,-0.3479872677048762
1.588875,-0.42977728677644045,-0.08002963551294827
1.589,0.08049009556076273,0.3516745163979331
1.589125,0.0901465035387881,0.33441849112963273
1.58925,-0.027151912220849044,-0.16718435035064624
1.589375,0.06981416361345111,-0.04361769683498412
1.5895,-0.2980945579401349,-0.0021289894637109143
1.589625,-0.2941079368433661,0.3858743800887483
1.58975,0.11814848251197307,-0.041530918719044956
1.589875,0.07740167500874275,0.09763584508968479
1.59,-0.36146681098036987,-0.20438173174350635
1.590125,-0.4955131795021826,-0.28152434571971374
1.59025,-0.06572837904449334,-0.039335700059337245
1.590375,0.11581470740257294,0.40378364094523367
1.5905,0.02820606703527965,0.227523173967303
1.590625,-0.000756797602795316,-0.3964736503114995
1.59075,-0.025078454261285014,-0.4777509398446149
1.590875,-0.2998401059631868,-0.2308678505438779
1.591,-0.5079020487337693,0.025221251074892034
1.591125,-0.07433006179564418,-0.03991518040782446
1.59125,0.1604048023672381,0.13620850959269257
1.591375,-0.016043657446637112,0.05791149547514415
1.5915,-0.21424202291609373,-0.11035520177921139
1.591625,0.03968756413932333,-0.12765761851580787
1.59175,0.20289918464349227,0.16595695808502423
1.591875,0.2369554635460762,0.11363854234586639
1.592,0.2570854241723047,-0.3165634991071145
1.592125,0.08048136215221746,-0.5568426104174863
1.59225,-0.14308050384744436,-0.14378746038860887
1.592375,0.052187113112244825,-0.0597477231814596
1.5925,0.21988802588262588,0.04908959911508552
1.592625,0.42165032687396264,0.1374447663389865
1.59275,0.27497757559190894,-0.01746870661764582
1.592875,-0.1280888116316604,-0.3206927399744998
1.593,0.006938565207795928,-0.22513826080320526
1.593125,0.25485780673963354,-0.003277401474427518
1.59325,0.14494320362521554,0.17578241965929683
1.593375,0.1706027004991282,-0.04558990194282386
1.5935,-0.01756708370170748,-0.24769012326139217
1.593625,-0.2629633704485478,-0.09164860403194083
1.59375,-0.16364687747355058,0.1529441786132889
1.593875,0.18550155503021296,0.2976089096943498
1.594,0.5059630707257138,0.16638315403742002
1.594125,-0.009554628181579157,0.00964413039609982
1.59425,-0.6879588721261318,-0.12432755760721353
1.594375,-0.15903505630073295,0.008797902826486643
1.5945,0.1388968352742953,0.30981874546142096
1.594625,0.37645044187123555,0.5903902623075502
1.59475,0.13679863070207182,0.2636181905108868
1.594875,-0.03519078388076372,-0.18905647105443457
1.595,-0.17897255772858517,0.09767023233978973
1.595125,-0.43428719126023085,0.28826101253139663
1.59525,0.22676729033140144,0.24763874128937774
1.595375,0.5040697525096877,0.2249297198057917
1.5955,0.11599120980674558,-0.028493017285243144
1.595625,-0.2221981257050079,-0.11734257152758437
1.59575,-0.42500173249239587,-0.11437208234816504
1.595875,-0.030488793873883528,0.2782127868751024
1.596,0.00824169282043865,0.5938055269812134
1.596125,-0.13903482556526195,0.09320315311114699
1.59625,-0.06862837863761834,-0.4332107009285247
1.596375,-0.2509740578712402,-0.2645135781256251
1.5965,-0.3550374052246337,0.22826547692216023
1.596625,0.11215407158693493,0.2691117539017308
1.59675,0.32227744638732714,-0.01734961230030237
1.596875,0.17860976157366612,0.042240221388295064
1.597,-0.15202227599686438,-0.2555030295556783
1.597125,-0.43177603843659695,-0.3336434572537803
1.59725,-0.09257389101745724,0.12563924194513734
1.597375,-0.05811020173912197,0.4314964294300171
1.5975,-0.17207685163508582,0.23629915672631305
1.597625,-0.17203807607621405,-0.052786934140206805
1.59775,-0.2663511733702916,-0.28662693127390426
1.597875,0.06354507238532375,0.11849834976606272
1.598,0.0911344893479156,0.06580736163418603
1.598125,0.45211705198772867,0.021986157646512947
1.59825,0.2182327630341987,-0.08153489311928512
1.598375,-0.4723978433148179,-0.3041617086637452
1.5985,-0.6762790831833312,-0.34664265400888206
1.598625,0.1469922566722564,0.06484990026706484
1.59875,0.11384803480093388,0.38601571191407846
1.598875,-0.025153845363741087,0.264837963292044
1.599,-0.2993770126559039,-0.2841109392234858
1.599125,-0.2465271447957426,-0.28871332862554483
1.59925,-0.3816592421279414,-0.004293179460848604
1.599375,-0.23232584038897713,0.08284648226632478
1.5995,0.07162721643996624,-0.10677675097163519
1.599625,0.186232734880872,-0.057112275440425325
1.59975,-0.35142073877202645,-0.0506136087366236
1.599875,-0.41275440996962565,-0.10052975401694694
1.6,0.06826162780685427,0.1482218461805583
1.600125,0.47580611752252516,0.36445925414283165
1.60025,0.005298631592110943,0.1911785499367172
1.600375,0.00015325785857745228,-0.4297864800042815
1.6005,0.08596582945483294,-0.4027036778290139
1.600625,0.04729052657369782,-0.01595678154165677
1.60075,0.23708031311328948,0.1250533841017742
1.600875,0.510791118116229,-0.025394078582622687
1.601,0.45089450065193293,-0.1500494873265616
1.601125,-0.1742503308315266,-0.38593734927906026
1.60125,-0.13082006981397248,-0.25469159536603225
1.601375,0.11467031085389191,-0.1555786934186061
1.6015,0.4660312155873036,0.21326238241970147
1.601625,0.4129119031658967,0.11869751329609875
1.60175,-0.008131798157655355,-0.20506126148938508
1.601875,-0.04158477080934576,-0.2733276528634809
1.602,-0.0706263007514691,0.07743568237336872
1.602125,-0.10507033471880753,0.4174903726130118
1.60225,0.19091218070544247,-0.06138305130649451
1.602375,0.4557176851334777,0.01730540930972369
1.6025,0.029349330278687073,0.21381329080076522
1.602625,-0.44858901961871644,0.34672644080282344
1.60275,-0.0970515922656517,0.24922204770021633
1.602875,0.39428836768185427,0.42052040496149307
1.603,0.2169100752139169,0.38380297819827813
1.603125,-0.13884120430511374,-0.210559240216597
1.60325,0.03223548417301623,-0.2913816957712575
1.603375,-0.06018522126305245,0.2902467863876719
1.6035,0.011859772709733438,0.6703560267952532
1.603625,0.12740646977886919,0.24568213190692148
1.60375,0.12351111425699919,0.11705050384488697
1.603875,-0.27443892391264874,-0.1338600106995254
1.604,-0.37985821397272423,-0.07791366192028512
1.604125,-0.03893036257112725,-0.09560925813574078
1.60425,0.3216616529540393,0.2815061262538404
1.604375,0.1715859693169898,0.32426036454975515
1.6045,-0.08524134625935052,-0.18336723561031906
1.604625,-0.1354017088039448,-0.5664681468141235
1.60475,-0.031957734708837574,-0.18180453077087866
1.604875,-0.005758152404607462,0.33386921087385063
1.605,0.418366376581357,0.4005508229098501
1.605125,0.1364359919763831,-0.1597544337048714
1.60525,0.012415076484035045,-0.05332887357185602
1.605375,-0.3760593590446858,-0.008533814980680501
1.6055,-0.3830071579626968,-0.03631641881141894
1.605625,0.36223153848175277,0.15043709202588318
1.60575,0.2659328978813956,0.09349419662464882
1.605875,-0.2655565044547498,-0.10503557922006493
1.606,-0.38281735900867225,-0.3462659574073696
1.606125,-0.018823565565472475,-0.16405609101895166
1.60625,-0.11588781250206005,0.4975731797576763
1.606375,-0.17361498545587398,0.13507109977042092
1.6065,-0.08207196072316482,-0.08629319572580527
1.606625,-0.21187486250300958,-0.04909725316926943
1.60675,-0.4037638645951115,-0.20631909467517312
1.606875,-0.30211884116023346,-0.08508577514968926
1.607,0.25525956318636095,0.06443723550690975
1.607125,0.3363786872790293,0.18038747177003994
1.60725,-0.281663487546895,0.006270524187204437
1.607375,-0.528360331170229,-0.4758873855319372
1.6075,-0.06770634753536287,-0.1864678609713245
1.607625,0.2600545330225411,0.2824374468683756
1.60775,0.07949818559690126,0.2769525458347678
1.607875,0.17143900420561978,-0.1564193653580977
1.608,-0.16771919426342297,-0.2544727151592978
1.608125,-0.6155989690416541,-0.08147520407442387
1.60825,-0.2992933890584544,-0.10592416038634224
1.608375,0.5267806047854613,-0.30743869718698197
1.6085,0.40743020557177106,-0.007185855931066023
1.608625,0.08111183887468726,-0.13390751557351221
1.60875,-0.26987564881197273,-0.374777561433335
1.608875,0.0022878158392985294,-0.3489096692404456
1.609,0.47231601505948606,0.15429318563887512
1.609125,0.30560435107607176,0.31968965734472937
1.60925,0.4906550357477989,-0.24813590978479902
1.609375,0.2889112256977942,-0.32759007477614255
1.6095,-0.14871687931780864,0.047213399738528755
1.609625,-0.2753167126678024,0.10427451649998741
1.60975,0.3238789781402484,-0.055077735194981395
1.609875,0.640417109572748,0.04486318127153102
1.61,0.03906894190826184,-0.2692438596868957
1.610125,-0.3731717691171198,-0.48785355909209177
1.61025,-0.195508838220233,-0.2849872367156551
1.610375,0.12973031304973898,0.2820282248480325
1.6105,0.2779053232929557,0.3422470825007958
1.610625,0.19183007108252845,-0.09619375565850778
1.61075,-0.1335803933114746,-0.2332447574262688
1.610875,-0.5191775280889226,-0.007594649659235809
1.611,-0.13012909100540967,0.4087632559461233
1.611125,0.47181421283115954,0.2891347514727328
1.61125,0.7302398180271792,0.3310019185524754
1.611375,-0.04001175925530164,0.30495967752092096
1.6115,-0.4843627820451788,-0.12990391153401368
1.611625,-0.03057015574186794,-0.2529498590316846
1.61175,0.06549059590124309,0.3890785295435123
1.611875,0.1793450120802646,0.6983218731711697
1.612,0.12540317195876113,0.06693236820398206
1.612125,-0.03781465884662873,-0.40354683866227276
1.61225,-0.22684640204940368,-0.12592468948960714
1.612375,-0.18501540812381562,0.07976642674101332
1.6125,0.07417229333781485,0.30266774577759464
1.612625,0.261236532539168,0.07370019229696492
1.61275,-0.06675115052069587,-0.11249979855539063
1.612875,-0.4334742191502518,-0.4516200176749209
1.613,-0.10902614728567253,-0.17863903693552038
1.613125,0.3044299343044801,0.42680095084622593
1.61325,0.25726029602305217,0.4749177244401261
1.613375,0.046022769583397516,0.06478739189195303
1.6135,-0.20685367229344548,-0.2932378542710764
1.613625,-0.2488862143248661,-0.05029708732500901
1.61375,-0.147691034352455,-0.021712602297267757
1.613875,0.014193271765108819,0.21062340585531145
1.614,0.5141345485973785,0.12629532928299297
1.614125,-0.08765989612657449,-0.08765264432304035
1.61425,-0.5906443962777385,-0.24974117338660742
1.614375,-0.2671737197645795,-0.18440715042208985
1.6145,0.11280147470181999,0.12444405240877303
1.614625,0.09818567809600004,0.3847928522781005
1.61475,-0.09207756356723207,-0.18725988407569014
1.614875,-0.03440109083597945,-0.35748292735781434
1.615,-0.06445077324431758,0.07803759037388328
1.615125,-0.2997467027973601,0.42574048798562875
1.61525,-0.12711224536475255,0.2881472516984575
1.615375,0.1579108689783629,-0.07205221672523474
1.6155,-0.13685219536884832,-0.002242777417705663
1.615625,-0.6540837648546433,-0.12244770986849673
1.61575,-0.5791851556189607,-0.11408821534721746
1.615875,-0.01641528349971324,0.058718769539080055
1.616,0.1835676751511763,0.34443581823815844
1.616125,-0.06799997304754189,-0.11290481308050974
1.61625,-0.21646042337654572,-0.518194537542079
1.616375,-0.22503013644923542,-0.22425970199733516
1.6165,-0.23341309547517725,0.11558306446147894
1.616625,-0.008697455649576209,0.03158280969261401
1.61675,0.24182105203423745,0.0333511410488787
1.616875,0.2557643502518508,0.05469731348843827
1.617,-0.19010156708155015,-0.01883682215519971
1.617125,-0.03488152523566425,-0.3172478827966763
1.61725,0.5487287580647009,0.05548460026439464
1.617375,0.7015511449253782,0.17720638256790605
1.6175,0.28342350370171376,-0.21827105656490145
1.617625,-0.06649295843994305,-0.7010101412626666
1.61775,-0.08638635383401425,-0.5142501070824402
1.617875,-0.010106340085085345,0.13401162346373327
1.618,0.2622483052837038,0.06815995053092519
1.618125,0.39305305686236,-0.1999094055753953
1.61825,0.30506419967954246,-0.11924415807883494
1.618375,0.008905818543511423,-0.09875849713741014
1.6185,-0.21071728321471167,-0.2724997538637597
1.618625,0.2705085488427048,-0.04224740486984167
1.61875,0.3153486688942326,0.4316429569247386
1.618875,-0.23524343989200486,0.11847601394110194
1.619,-0.14263036457910547,-0.28721630516399216
1.619125,0.04316073076696254,-0.13961534428526293
1.61925,-0.1293585507453183,0.4754665599818629
1.619375,-0.10250660466596294,0.4732536645873835
1.6195,0.2551365560453272,0.15422680727991553
1.619625,-0.02502628568582468,-0.17780747327546642
1.61975,-0.5205830127430807,-0.0490992771258767
1.619875,-0.45842604095749295,0.1294399630279027
1.62,0.0532745358218067,0.29040079797282936
1.620125,0.5933436924062646,0.3867497595062478
1.62025,0.33584291777416153,0.24344692694176343
1.620375,-0.19558151106478888,-0.16985576897406499
1.6205,-0.15798493370728897,-0.112466113868784
1.620625,0.1368711644314571,0.19003017355369348
1.62075,0.3000618861624504,0.3452227799912911
1.620875,0.4379138867480162,0.011437306419210336
1.621,0.4403958053106039,-0.15924056051851165
1.621125,-0.3471446621358455,0.03838815645909784
1.62125,-0.47393698232928627,-0.058371427450329985
1.621375,-0.07194409690481285,-0.05313245046939973
1.6215,0.15352031599006744,0.2237428808425581
1.621625,0.01709365827114619,0.14011478259739232
1.62175,-0.3495752484718947,-0.3207478775150247
1.621875,-0.352099804882263,-0.3232745379012204
1.622,-0.10930519667941502,0.07612278784037856
1.622125,-0.114766905885921,0.4148741033273894
1.62225,0.17096485308527692,0.3607294783773603
1.622375,0.3008189238549183,-0.17500556120662947
1.6225,-0.3095667921542242,0.027981036048310953
1.622625,-0.7622746923817566,0.12846699718266383
1.62275,-0.13185635473498977,0.21535620883609083
1.622875,0.48785751404246697,0.3575087536657147
1.623,0.3463007553998233,0.17808335011493143
1.623125,-0.29370391768968873,-0.2964607504830414
1.62325,-0.5010653252164994,-0.3520446267278037
1.623375,-0.12990966742498447,0.01625518082226828
1.6235,-0.244749858375443,0.28412348764641676
1.623625,0.34016926324938623,0.08887777575922236
1.62375,0.3479867191459316,-0.3543086707719223
1.623875,-0.34046205779026206,-0.08270451889657651
1.624,-0.6568553363523545,-0.01765144799115731
1.624125,-0.1100564116499524,-0.046907185714444806
1.62425,0.40335156638835706,0.09630821990347659
1.624375,0.2663561338074953,0.2814255831810109
1.6245,-0.30195756651383565,-0.4595800635025408
1.624625,-0.34172209670426706,-0.6759346616150502
1.62475,-0.059611188873014295,-0.1699414122112407
1.624875,-0.030767971318960755,0.4061364622664583
1.625,0.21324511631662316,0.2555512684416486
1.625125,0.2863123226131859,-0.2554192623792283
1.62525,0.10918484710672376,-0.25630319540734653
1.625375,-0.5766058135696381,-0.21973333729367894
1.6255,-0.1986347297303377,-0.18697393186194747
1.625625,0.4806523939501166,0.16565766548510724
1.62575,0.49508674281696524,0.42667167411510915
1.625875,-0.12676816507448443,-0.37058168770524413
1.626,-0.19881489567405614,-0.616897844601701
1.626125,-0.01575660271993468,-0.1575783990390301
1.62625,0.13096946922462172,0.4161306113289425
1.626375,0.2935142736915541,0.11736602766735303
1.6265,0.5814891390127943,-0.1707625822806401
1.626625,0.14819559181199796,-0.36899528875342225
1.62675,-0.4752454814951786,-0.025352928149012223
1.626875,-0.08271001351633961,0.009087118127038496
1.627,0.6705639062800672,0.11807483839694964
1.627125,0.5465483406916751,0.23095934335635454
1.62725,-0.05191968088731581,0.019905147241356225
1.627375,-0.3109203794974267,-0.4696781399016749
1.6275,0.04611087121314611,-0.28263675303770563
1.627625,0.17570780850101614,0.4871350465389802
1.62775,-0.011962529928467207,0.45376219755911057
1.627875,0.2320554386678125,-0.08313189715860538
1.628,-0.09365247137040884,-0.05780537178922486
1.628125,-0.5167398621196393,0.09320634238315514
1.62825,-0.28673725262137,0.12287899600304354
1.628375,0.26625069899387166,0.3344399132907934
1.6285,0.4715133063699441,0.37266841097168574
1.628625,-0.24711608508638083,-0.028157348950893498
1.62875,-0.20020459973170188,-0.42185522122795593
1.628875,-0.08321793832918457,-0.14725289316956378
1.629,0.028661724635852332,0.4356832989459022
1.629125,0.14464943524333426,0.5586095820115267
1.62925,0.07509819522068945,-0.12729354719576447
1.629375,0.0008350589246099948,-0.23247758789692774
1.6295,-0.4141970565732032,0.044291428312522904
1.629625,-0.42093484217953697,0.014093589759351405
1.62975,0.16776235695860897,0.06872329938441107
1.629875,0.5164341197812284,0.1732445564704462
1.63,-0.042021676997014264,-0.10300227361615955
1.630125,-0.3936401576187921,-0.3715369678418732
1.63025,0.0895499715221205,-0.16566441774560406
1.630375,0.11908034867832783,0.3561463310893255
1.6305,0.03562439247059444,0.20413693861683554
1.630625,0.27655763604231837,-0.06351096769524679
1.63075,-0.11429469378962331,-0.12342624219529537
1.630875,-0.509723861656035,0.06457945519214453
1.631,-0.2587976291909753,-0.02615844660364316
1.631125,0.3113295380268723,0.19410071411061386
1.63125,0.39452970401949333,0.19159583246093873
1.631375,-0.1306684651792951,-0.016776993554310532
1.6315,-0.7973173875242734,-0.2915702302956007
1.631625,-0.3128781170683216,-0.40789543247165844
1.63175,-0.08462410632149008,0.044397789794408435
1.631875,-0.06612134454175972,0.46276175462987
1.632,-0.02058651902233817,0.004089987543345252
1.632125,-0.19679924446694735,-0.2523295001176279
1.63225,-0.4873762941299911,-0.08181710799823902
1.632375,-0.47816332788749305,0.17081186915818955
1.6325,0.061653176843059036,0.15976045310378964
1.632625,0.3673422994718203,0.29986112291016187
1.63275,0.010506298638574357,0.034412585494148176
1.632875,-0.6477692374751556,-0.48897272800682406
1.633,-0.3533749094082075,-0.33611603669421786
1.633125,-0.03340782321328731,0.26885936217356415
1.63325,0.06917349747902475,0.5935834103524573
1.633375,0.03457877710268731,-0.14053944852421324
1.6335,0.0667065795788108,-0.5547961759440727
1.633625,-0.17222550625978403,-0.25664126361201484
1.63375,-0.16622810834025378,0.062333264305816316
1.633875,0.3483739801462058,-0.026895301787733066
1.634,0.3806497545349412,-0.006610053248282297
1.634125,0.1445056619538855,-0.14909285283813192
1.63425,-0.2609320521418049,-0.3923685589491344
1.634375,0.06569276526442601,-0.41311620684331296
1.6345,0.5391132806684221,-0.04069619945937546
1.634625,0.4110294144816105,0.38311037037401136
1.63475,0.09791281542040597,-0.05798224640016865
1.634875,-0.0660309407484407,-0.5854284382601671
1.635,-0.2807840578562813,-0.4430378055113995
1.635125,-0.14267563863564206,0.023664094987563097
1.63525,0.40131033169859026,0.015305593904741876
1.635375,0.7404911734313002,0.029050954637205494
1.6355,0.35016556493876294,0.07463251908841821
1.635625,-0.3106687848109659,-0.1886405052064014
1.63575,-0.2274260873863902,-0.22842766916725318
1.635875,0.2717178367523299,0.2596358344620758
1.636,0.3553419763646612,0.610066648978684
1.636125,0.13913068382373642,0.08997369674676775
1.63625,-0.006601594188547668,-0.2120297001824692
1.636375,0.07108779898746581,0.05873328896393365
1.6365,-0.018832686395222023,0.4828688969925081
1.636625,0.07381673214077411,0.31512910426148544
1.63675,0.5799869729304912,-0.10621447120336654
1.636875,0.11639527839886156,-0.042232557474239825
1.637,-0.5292888959459541,-0.03877239459207838
1.637125,-0.3955721163913201,-0.08508848061172343
1.63725,0.2839678447363466,0.27736846468136456
1.637375,0.2981482997272059,0.5735952948467851
1.6375,-0.1060740783036119,0.11147495474566245
1.637625,-0.22906506035683413,-0.23838631598973192
1.63775,-0.26784880124287247,-0.2217543781794527
1.637875,-0.33719948472722977,0.17440893028307566
1.638,0.08751249604377137,0.24342769488409458
1.638125,0.4659254454729164,0.14997660277300176
1.63825,0.07364805378403265,0.01505056352283508
1.638375,-0.5997449376052462,0.05518166480568012
1.6385,-0.39910301955706945,0.07261928598024144
1.638625,0.44514605706916127,0.18898098672913252
1.63875,0.4436749101222594,0.532992061331963
1.638875,-0.06585941228469464,0.10682117594454063
1.639,-0.6640229022013475,-0.5317349413563535
1.639125,-0.317471759904731,-0.3586011995630055
1.63925,-0.26560896676386836,0.2292318502603999
1.639375,-0.07251208624823871,0.2783076850120077
1.6395,0.28684443874555277,0.02759090930345408
1.639625,0.312079496598729,-0.32070944899894677
1.63975,-0.298253853140541,0.01698261339896573
1.639875,-0.7057757811690013,-0.09225141822332561
1.64,0.15780946309968985,0.0919466703692092
1.640125,0.31144882232968363,0.4310348089979575
1.64025,0.16807476040272368,-0.06234264657606065
1.640375,-0.20375424205352963,-0.4896962268173948
1.6405,-0.41492109399494925,-0.40029820422671214
1.640625,-0.23988576851496282,0.25354445928288327
1.64075,-0.05489887834019428,0.34855382943623225
1.640875,0.05800064496003188,-0.025546698485217848
1.641,0.10667520971784843,-0.3725408835236902
1.641125,-0.5264054330592631,-0.27834175199192285
1.64125,-0.5537840200479854,-0.3653415659287256
1.641375,0.12059002522778674,-0.0018075783397524744
1.6415,0.5075662969435811,0.2910170942525894
1.641625,0.18604888916890516,0.3146044002738839
1.64175,-0.35245770874250903,-0.5128661882208264
1.641875,-0.41222472882161987,-0.5381293483333586
1.642,-0.19356323276841192,0.06694339736560018
1.642125,0.11083862537827359,0.44144844546172174
1.64225,0.4629767921833043,0.0854712290391993
1.642375,0.2868963264001756,-0.20215043338374336
1.6425,-0.11836102120395822,-0.2824887170638294
1.642625,-0.4530480465298104,-0.26399252727854505
1.64275,-0.004715495362341948,-0.15832391507480817
1.642875,0.7039550817645228,0.005123224584806533
1.643,0.4851794162906163,0.05739188427686523
1.643125,-0.12107786309563716,-0.26487834448042014
1.64325,-0.012566328167314577,-0.5602371987757593
1.643375,-0.19188607423822757,0.18176716350750616
1.6435,0.3160615076032071,0.6148712208528189
1.643625,0.644896897896411,0.005331258493955274
1.64375,0.417255688722687,-0.4197159619137773
1.643875,-0.1467240730127439,-0.12142026994069789
1.644,-0.567993657295825,-0.15387974737537646
1.644125,-0.17426677119641043,0.04240729542911166
1.64425,0.7188312869145331,0.5355626668413982
1.644375,0.342524395742959,0.492956196042488
1.6445,-0.1666396195123586,-0.2695678960061194
1.644625,-0.16935767361880372,-0.488023886803133
1.64475,0.04808471970777357,0.11796401517470381
1.644875,-0.12746483190065985,0.5857677234800615
1.645,0.12656005374188364,0.30434343700600597
1.645125,0.47349669143465695,-0.13627321833253553
1.64525,0.06056846802207529,-0.08109332154571962
1.645375,-0.5035788544776534,0.07166726663131248
1.6455,0.10032207827334048,0.3715152648569046
1.645625,0.5854905587552801,0.582665086337233
1.64575,0.49815639382509763,0.33530935939900075
1.645875,-0.4013876176727717,-0.23207971915903405
1.646,-0.4103704251552176,-0.46878615041206195
1.646125,-0.3204847345847219,-0.09243198272033656
1.64625,-0.1533795781292588,0.6150201184826889
1.646375,-0.02364105935299231,0.23219019624532009
1.6465,0.1493756413233971,-0.2672588964938251
1.646625,-0.11609485868447349,-0.28548382983377757
1.64675,-0.40205451828263883,-0.219726949653666
1.646875,-0.1515190271837171,0.06335169392695375
1.647,0.3569276610589018,0.02539667617939573
1.647125,0.3437425091275771,0.4631548049829196
1.64725,-0.22070343999617925,-0.018343436568476184
1.647375,-0.49600794600632286,-0.4169484442191829
1.6475,-0.2530820046526125,-0.0998479377909194
1.647625,-0.034772631430134,0.5123204868070101
1.64775,0.05073743525398497,0.45106080705405927
1.647875,0.09055637326480116,-0.2411199594790889
1.648,-0.21509729920066775,-0.44380108749452585
1.648125,-0.4882862484900235,-0.42864507821642045
1.64825,-0.455225006303119,-0.08609568928780333
1.648375,0.28851628383418276,0.10434900172245187
1.6485,0.3424103097852848,0.13380592278297787
1.648625,-0.47356700847262095,-0.18339720542975224
1.64875,-0.6810948765706474,-0.27008020544382216
1.648875,-0.3128970091588777,-0.11980320455365236
1.649,-0.07766777761103946,0.40504356252601575
1.649125,0.1067587527881775,0.424486569141621
1.64925,0.17735747184704637,-0.18731998450748588
1.649375,0.13777255945939582,-0.45451616061435324
1.6495,-0.6493990248742696,-0.13860834164160085
1.649625,-0.5129973780974775,-0.026369313318682093
1.64975,0.281774239521127,0.0925413278209994
1.649875,0.42964598356829836,0.0995974451883998
1.65,-0.0568493590485746,-0.13136373060886541
1.650125,-0.5165964000276535,-0.5314777321280669
1.65025,0.289973227379153,-0.11701535337262448
1.650375,0.29956055269460913,0.261589256803436
1.6505,0.3501473655318156,0.22004217835695042
1.650625,0.23242185793473896,-0.40563395037634986
1.65075,-0.035867077607651565,-0.6665923622860923
1.650875,-0.23130325500002502,-0.29783492590691696
1.651,-0.23253914928896277,0.09208239633540001
1.651125,0.2884811381311742,0.013998717277346133
1.65125,0.5695329992795005,0.09902456382470833
1.651375,-0.016631575416299053,0.013129620678081783
1.6515,-0.4136958875310805,-0.3986404071495308
1.651625,-0.010859723394070786,-0.4238184822023529
1.65175,0.5438056941179494,0.1903899506168234
1.651875,0.24494785538688338,0.48355754089573283
1.652,0.14863037113394717,0.026090118627195208
1.652125,0.27110213201753625,-0.14541946539373443
1.65225,-0.06534151342267945,0.06673741485890247
1.652375,-0.5033381672715574,0.3927842717002368
1.6525,0.19116535608471183,0.2704959111109031
1.652625,0.6780727179693264,0.1000523695290655
1.65275,0.15366612746777605,0.05867521164342618
1.652875,-0.3685375573717987,-0.3054331623124933
1.653,-0.24246479413675975,-0.17192384311522055
1.653125,0.1659506287874645,0.3030328383803177
1.65325,0.10676176512860246,0.6187249056116214
1.653375,0.2500084092591007,-0.00520845149337404
1.6535,-0.0792370568016985,-0.16547261439294317
1.653625,-0.2039440893517056,0.15507155285249632
1.65375,-0.4884702942599506,0.3013173968359339
1.653875,0.15640141147601552,0.3903515009183676
1.654,0.4527439309115776,0.3306068590281323
1.654125,0.07153827961817592,0.18107400078084518
1.65425,-0.38344920150882966,-0.21788625178171883
1.654375,-0.29562339685858596,-0.3592959276227758
1.6545,0.3345742962588203,0.21111269942911495
1.654625,0.3114465383397051,0.5821108184328682
1.65475,0.04605849631076346,0.20209142972384708
1.654875,0.025026013109011057,-0.4043823226752852
1.655,-0.18447769871392983,-0.28181077147038847
1.655125,-0.33206312694858975,0.036191912171287234
1.65525,-0.20013464968615963,0.24260675507535215
1.655375,0.48204317301435845,0.2460228545770607
1.6555,0.26734359823880804,0.12390941968681676
1.655625,-0.5597704439789093,-0.1374779870751083
1.65575,-0.6256147433027199,-0.4406425946901161
1.655875,-0.0767290571500792,0.06479153361229618
1.656,0.16651123685903754,0.38625237008669294
1.656125,-0.1857111481525827,0.07709367004250758
1.65625,-0.07088444035336634,-0.5350236318966506
1.656375,0.11475382759929283,-0.0915643431836454
1.6565,-0.33895641479090477,-0.037989773789067934
1.656625,0.08468534425851061,0.27194337632160664
1.65675,0.2141722842635059,0.2062647757051012
1.656875,0.0006261391624929629,0.027412822387840947
1.657,-0.5346128096689954,-0.20473881781136657
1.657125,-0.4875459208301002,-0.3183138349115869
1.65725,-0.1550173095654291,-0.0002330480394809778
1.657375,0.3340105500943716,0.4988372105107702
1.6575,0.027783247880127367,0.12121657997606027
1.657625,-0.3696695750314257,-0.5175620867479878
1.65775,-0.4136281561016401,-0.5079039783378542
1.657875,-0.35356420503741326,-0.03151881705255245
1.658,-0.024060066167771954,0.035228930280474365
1.658125,0.4318997667492578,-0.034692906814052724
1.65825,0.26506995820317975,0.03564546395248688
1.658375,-0.302767802373011,-0.1384194398065873
1.6585,-0.3485433995564104,-0.2673361581061843
1.658625,0.19379134657896432,0.04219576432049431
1.65875,0.561466190345004,0.3017359836918662
1.658875,0.17936229603214343,0.1468963069728963
1.659,0.02613660717634784,-0.3585633776205471
1.659125,-0.06928535494690306,-0.5442421468413684
1.65925,0.005072896308631782,0.04345648056105812
1.659375,0.05484950857377214,0.14606332939598596
1.6595,0.5287616212706153,-0.13788639570547373
1.659625,0.6736621868477612,-0.27011419188253966
1.65975,-0.11151749314778801,-0.3222475014588845
1.659875,-0.4653709348986436,-0.22618786222090279
1.66,0.058036316853185464,-0.005074818196117736
1.660125,0.4044150150101147,0.42805046547188863
1.66025,0.1030312737882546,0.3175437833481898
1.660375,0.2783890200220117,-0.4100761680044526
1.6605,0.061059189228915976,-0.34571830268696674
1.660625,-0.1972046442011323,0.12909215146208855
1.66075,-0.2823230064015035,0.4556706099112774
1.660875,0.3564908094406525,0.18630615114519794
1.661,0.38501636359124725,-0.08932611403116851
1.661125,-0.20742300638590055,0.045618303101938575
1.66125,-0.4582353928908836,-0.12290213224563871
1.661375,0.19298719107550485,-0.03404491267922637
1.6615,0.3624403992565064,0.5225907684734123
1.661625,0.3050319618348663,0.5210218661625673
1.66175,-0.007801972486334845,-0.25468116790165884
1.661875,-0.16250632174493873,-0.42949885714223845
1.662,-0.21287198839634738,-0.009715441295182795
1.662125,-0.01739633921845033,0.47372307000746117
1.66225,0.2738435711059296,0.2564567585537822
1.662375,0.4111807079591637,0.11481826745385548
1.6625,-0.16347563017037287,-0.051531014716119865
1.662625,-0.5385777093685519,-0.16179039322964947
1.66275,0.16413106274438,-0.17138942959059963
1.662875,0.5022584216358074,0.1642439078428673
1.663,-0.018806209338485848,0.2671138319354955
1.663125,-0.23699589334107243,-0.26827659018142186
1.66325,-0.2549578698974162,-0.3931812207563142
1.663375,-0.06267360629741656,0.21720352357418968
1.6635,0.0031516880811948886,0.392804367546959
1.663625,0.2387858639176326,0.2185796433116974
1.66375,0.23212749981214964,-0.09098376625851363
1.663875,-0.4440422906278108,-0.14372474847127012
1.664,-0.7337565375507393,-0.11075335589772572
1.664125,0.08563654370799713,2.27483553739533e-05
1.66425,0.5414714333521249,0.24078464294999746
1.664375,0.1447820193419629,0.24222218587222347
1.6645,-0.32715654246913184,-0.1614161543242598
1.664625,-0.3887294637432655,-0.4828978324148369
1.66475,0.04367721069882467,0.04971390824341091
1.664875,0.08385061953963706,0.31607722931271914
1.665,0.3096913770233148,0.13521508899198142
1.665125,0.3747026552851779,-0.31425123087313706
1.66525,-0.30162568635481973,-0.18025645107449265
1.665375,-0.9281772440476209,0.014319634475831343
1.6655,-0.5197335330708549,0.08494076493945767
1.665625,0.27357549877251636,0.2351310016844149
1.66575,0.21756552138655744,0.30196335410505715
1.665875,-0.35810493468912347,-0.2992642966876581
1.666,-0.3381828807731941,-0.4591597489353752
1.666125,-0.06935260467882384,-0.07682749648398876
1.66625,0.17349952727670764,0.5498839722569014
1.666375,0.27944585169946135,0.14491484875542396
1.6665,0.3295899306015207,-0.12906338164475858
1.666625,-0.14937450368085808,-0.24897490526736954
1.66675,-0.4674249100430784,-0.12270807579491176
1.666875,-0.22988618850711928,0.03835583375940898
1.667,0.49453766971128466,0.1176923581204914
1.667125,0.3931688482849438,0.16505276055249152
1.66725,-0.12624520161961625,-0.29380002356108303
1.667375,-0.33360015931006787,-0.6811505914966918
1.6675,0.0766282542350062,-0.42851543580603507
1.667625,0.21976981998432538,0.24688775946471753
1.66775,0.41428830045623183,0.11669850622594416
1.667875,0.597269663918607,-0.32990084754179394
1.668,0.0934215291263814,-0.4471144964262279
1.668125,-0.3379236044018575,-0.02749441854887823
1.66825,-0.07930755650042964,-0.07785297813777842
1.668375,0.6647790531285507,0.24124032912190022
1.6685,0.6365570926483642,0.1790460013813815
1.668625,0.013392764440559176,-0.1646074007279702
1.66875,-0.1892945393773749,-0.6187725323292825
1.668875,0.07654964771448507,-0.13423320939943126
1.669,0.36810943435057936,0.2501935754581318
1.669125,0.07523766607647361,0.443092141483957
1.66925,0.06355302804156585,0.09844997859595386
1.669375,-0.30451253135856854,-0.33250287268975154
1.6695,-0.4136676367359348,0.06670633098323808
1.669625,-0.2543240201790563,0.38415747630856606
1.66975,0.2921130719622637,0.3127204417680177
1.669875,0.4705755576557457,0.3520400079794647
1.67,-0.17759511997829228,0.15763273474803688
1.670125,-0.2740212763799398,-0.17959104579571528
1.67025,0.18933673159909212,-0.021374505861268985
1.670375,0.29280238455289065,0.4822321948853586
1.6705,0.09498193877287583,0.4597047892833124
1.670625,0.01854068343955545,-0.048204355491155
1.67075,-0.06862654200606687,-0.2571415588729925
1.670875,-0.463807327227159,0.10177063284466575
1.671,-0.16990989817851215,0.21422359745951064
1.671125,0.35485292601904195,0.08713854114163
1.67125,0.5979462966946654,0.048639174339638214
1.671375,-0.04449120060906153,-0.20126101092020318
1.6715,-0.4337470710477362,-0.5300356573251304
1.671625,-0.12189501794526938,-0.32118335251973623
1.67175,0.1477130484288366,0.26015269503671706
1.671875,0.04310986982635926,0.4535208164192354
1.672,-0.007448965191734652,-0.1718222426155507
1.672125,0.11097651736044141,-0.358516476864219
1.67225,-0.1658227353690336,0.20937498667108165
1.672375,-0.12324700501261555,0.4336559026304753
1.6725,0.25512083963304183,0.11065195947028497
1.672625,0.4627675452675917,0.04485807983877258
1.67275,0.018343746452660115,-0.15634621994643638
1.672875,-0.62308024103539,-0.43066381710643536
1.673,-0.32501256309765764,-0.15246318994533423
1.673125,0.06706963385908421,0.4354006158888429
1.67325,0.11200894119855284,0.654969463503291
1.673375,-0.06540106055621409,-0.09472045926538704
1.6735,-0.12260889097011046,-0.2671355899567879
1.673625,-0.3936875266384486,-0.11379184466442575
1.67375,-0.535242183836899,0.14984745953502465
1.673875,-0.11382316747514605,0.027062118118518618
1.674,0.555957182957836,0.055495130116940225
1.674125,-0.07975590700796312,0.0006680815255070866
1.67425,-0.6230595366778579,-0.05387751202868363
1.674375,-0.41636409871431734,-0.1796458798602107
1.6745,-0.04497713614185545,0.16888892786297863
1.674625,0.10684348160967864,0.32390612581012224
1.67475,0.08735933698342474,0.07370284344343442
1.674875,-0.036550425957035906,-0.46394469161557944
1.675,-0.09927352511853675,-0.2153111609541252
1.675125,-0.2550152594723292,0.2706846035978637
1.67525,0.12424632324030827,0.05264525096957287
1.675375,0.3657363483372348,-0.11167697331690832
1.6755,0.08276259930624516,-0.22611813951023244
1.675625,-0.3429456324722622,-0.3872246680431652
1.67575,-0.2545187543804584,-0.6528942384367791
1.675875,0.3962031941138867,0.01812124548542435
1.676,0.498592135872337,0.2269433991381772
1.676125,0.22545605155923415,0.02797641120376524
1.67625,0.06898365297823209,-0.5704920045677563
1.676375,-0.0003234245717658994,-0.5695958779194507
1.6765,-0.29210775259399974,-0.09002297589707407
1.676625,-0.08011268129608207,0.2379351672843848
1.67675,0.53475844614234,0.11952096062010488
1.676875,0.5132389001831774,-0.13527495304926823
1.677,-0.16014315145078534,-0.16281900017741643
1.677125,-0.19586428625231087,0.004374533477358054
1.67725,0.1919020177336147,-0.011156268075185136
1.677375,0.4881348926911093,0.5125861164860674
1.6775,0.05906021621641351,0.2858684913110943
1.677625,-0.2474293888615939,-0.2107900098450313
1.67775,-0.11071569423823918,-0.312600115780123
1.677875,-0.04183064241981415,0.3278569069337604
1.678,0.1748325732341807,0.5309954567117263
1.678125,0.5692197490438046,0.22794554200308295
1.67825,0.2725301850185977,0.1254571990274337
1.678375,-0.5480990199623508,-0.08888783838962394
1.6785,-0.4939156368789921,-0.22802770035561795
1.678625,0.2013120829528957,-0.04660222459827746
1.67875,0.49472170778551605,0.4812749826710415
1.678875,0.19153768018063053,0.4620420189458435
1.679,0.07864895333750364,-0.2507221086383994
1.679125,0.060982048498514345,-0.21637358221542738
1.67925,0.011704670816604751,0.20811324754932356
1.679375,-0.1383658386156986,0.3769330834148152
1.6795,0.3412689079352666,0.02978404714596384
1.679625,0.25219970422745824,-0.20611946246730697
1.67975,-0.49649459167973914,-0.23644776382903254
1.679875,-0.4869588091043276,-0.07276599619449808
1.68,-0.17229922432110661,0.17148597728663514
1.680125,0.2925701967194116,0.38174766430105395
1.68025,0.09593143823160936,0.3410649784975193
1.680375,-0.06505790098056845,-0.4013448954918035
1.6805,-0.07019314491300341,-0.3683155760962606
1.680625,-0.29726477393927364,0.312573668946884
1.68075,-0.24369024668940978,0.6726285939645579
1.680875,0.2674802874503439,0.21022195239765737
1.681,0.2401925924787772,0.010462563799193466
1.681125,-0.2703174247274201,-0.056446723381830134
1.68125,-0.31728361348470435,0.00835319196757002
1.681375,0.07745715408829845,0.1092248254092899
1.6815,0.5111634549270088,0.31102936080138854
1.681625,-0.1906468368438952,0.035788101679045954
1.68175,-0.5156899118302986,-0.4194694879121943
1.681875,-0.5141489927799122,-0.5585651157458104
1.682,-0.4063996179983315,-0.011022812259386415
1.682125,-0.2939461248195139,0.32347391884972243
1.68225,-0.02692180848932638,0.1051998194981239
1.682375,0.24965407197079864,-0.16656859500474014
1.6825,-0.3179287691660405,-0.013956653787990927
1.682625,-0.5904338869182707,-0.1428311964220677
1.68275,-0.02650737086892147,-0.1991748456943797
1.682875,0.37583831704833265,0.11712712052332255
1.683,0.022506756989568433,0.3878423742064094
1.683125,-0.29823767914845684,-0.26938963080807793
1.68325,-0.29223150786675084,-0.26084381628886366
1.683375,-0.2544095985453451,0.03681462773323131
1.6835,0.138912792705797,0.32444571520672444
1.683625,0.1720320413587703,0.010204051047293713
1.68375,0.2828818125460471,-0.47960108414817737
1.683875,-0.06704083536303095,-0.35673468184712764
1.684,-0.45523152304225045,-0.3744452696007381
1.684125,0.16734382306311024,-0.13692496215881259
1.68425,0.6889109456728201,0.029589148025821733
1.684375,0.6627162173949225,0.17255935284402169
1.6845,-0.02712818571077433,-0.35584157102012687
1.684625,0.1140868097701584,-0.598215682202053
1.68475,0.08783707812347338,-0.07191115341464846
1.684875,0.13580484717986802,0.4387875376608407
1.685,0.1081850945200881,-0.0004232966704795
1.685125,0.31194238103717925,-0.22687064299341644
1.68525,0.26694455571918607,-0.3472747330632061
1.685375,-0.266323490036549,-0.05543795144835435
1.6855,0.0699227076144192,0.15660533899841514
1.685625,0.5261276371933641,0.06724636945123041
1.68575,0.3594053301869564,0.3862946932958574
1.685875,-0.41584747268443745,-0.17988101943621332
1.686,-0.32216639690131266,-0.4004263611024347
1.686125,-0.1616493745471545,0.025133030388737848
1.68625,0.14428205798031923,0.5364703295169099
1.686375,0.14855095805844984,0.46887933884010724
1.6865,0.2813867590331828,0.055864137726117105
1.686625,0.006910497018928914,-0.08983194988752746
1.68675,-0.39170541914178647,0.14360661144769332
1.686875,-0.32152809869381666,0.12618439358692266
1.687,0.13545999024674127,0.2223244006184239
1.687125,0.21209140603689797,0.2840694807943567
1.68725,-0.2517582511357695,0.08276934270196602
1.687375,-0.44194893821869474,-0.14721421502047263
1.6875,-0.007417008726655267,0.19793242848346837
1.687625,0.16298403070499484,0.45829685814751453
1.68775,0.14073047430167393,0.04793329765317806
1.687875,0.2956112250298081,-0.244189356228888
1.688,0.09140698051662328,-0.42515954667337597
1.688125,-0.49539562532932807,-0.020938950575174652
1.68825,-0.21084904685982184,0.11378273858901451
1.688375,0.19445733926719835,0.2756602332083639
1.6885,0.4257620035768375,0.33048670705215194
1.688625,-0.1309747541407685,0.05856624199545114
1.68875,-0.366298000637541,-0.2622421306477346
1.688875,0.06184763897708949,-0.18636915801251178
1.689,0.1794642390025597,0.2791789469961189
1.689125,0.26225613004757975,0.14307005080862262
1.68925,0.11819683807552049,-0.1648960260820206
1.689375,-0.1792390105658591,-0.24589470293901527
1.6895,-0.37509025362606324,0.045860573524480336
1.689625,-0.36938410384032766,0.1783692880118684
1.68975,-0.027444683066410246,0.16544956924468765
1.689875,0.29631559080036557,0.20450662407089468
1.69,-0.39032034612582983,-0.010393108355075174
1.690125,-0.36695185235501365,-0.29900769398643967
1.69025,-0.09883020034544979,-0.36783182644796786
1.690375,0.07266735075542681,0.24617775979505452
1.6905,0.07497626179120845,0.4018863274057348
1.690625,0.015282069383777075,-0.25055053345775474
1.69075,-0.25281623450546997,-0.3482006177163405
1.690875,-0.4276832982100525,-0.11939788498339234
1.691,-0.4404303340201781,0.3572613918214063
1.691125,0.0809393349410568,0.2894522083150734
1.69125,0.25193325806906297,0.2416626444572226
1.691375,-0.021100117276062355,-0.08899259945572796
1.6915,-0.4471236012176642,-0.3998554497096588
1.691625,-0.23317621170958663,-0.2179547524220162
1.69175,0.17873845947753358,0.024472521849049224
1.691875,0.16238053351123724,0.19987792171171045
1.692,0.3388809846353964,-0.2133139151317053
1.692125,0.11572514491115758,-0.560514788859655
1.69225,-0.31913589049984137,-0.05166501222978462
1.692375,-0.18621144425286124,0.14594678373795603
1.6925,0.3947141573594366,0.13125084692700167
1.692625,0.6831972370819833,-0.1788751335738834
1.69275,0.1866991267131546,-0.14379518154282633
1.692875,-0.26509647341513154,-0.4264753604952345
1.693,-0.12667472243905378,-0.46999017435367946
1.693125,0.3491028507234091,0.13251012875077636
1.69325,0.2753130613777153,0.4178215443501019
1.693375,0.18368446740154348,-0.11198618349738167
1.6935,-0.010898833558812033,-0.30193934971262215
1.693625,-0.02770511812542967,-0.19447962457298254
1.69375,-0.10306943119083166,0.04364260404790615
1.693875,0.12960915719402766,0.2983292059315468
1.694,0.2948317238674566,0.4008844341703931
1.694125,-0.025074442336986177,0.12669692194753157
1.69425,-0.3232047051717409,-0.27326551838109414
1.694375,-0.15546745953747151,-0.1919884542767234
1.6945,0.21025389528077054,0.27965004946080385
1.694625,0.4904909783750675,0.687198363452938
1.69475,0.3702896940210001,0.18229982273088874
1.694875,0.08390482120861231,-0.2450541550514121
1.695,-0.1667039901735518,-0.008032647807347719
1.695125,-0.3760988407635449,0.29948886261934865
1.69525,0.04905655734435514,0.27417056963689074
1.695375,0.4518187088857946,0.15880022208224098
1.6955,0.09177725751382251,-0.0329975780004334
1.695625,-0.34394067769918435,-0.23443712342737041
1.69575,-0.18530912388397094,-0.2241202261972144
1.695875,0.5225600836154801,0.12977601070826486
1.696,0.2557244676227798,0.48331506670210445
1.696125,-0.13561929751471302,0.15794571473376193
1.69625,-0.3005415265321191,-0.31560797817559044
1.696375,-0.44223849122619885,-0.30365915981179625
1.6965,-0.3918851256255448,0.19358037695818964
1.696625,-0.10869429242964156,0.35581962624075275
1.69675,0.6140505434960221,0.33277994828489804
1.696875,0.13817288345155962,0.1819245562825383
1.697,-0.45900436343567524,-0.1585389113859209
1.697125,-0.4845534291864504,-0.30380499890917956
1.69725,0.19234447317783243,-0.031542869912012605
1.697375,0.1804072737064304,0.33014579511516484
1.6975,0.15858559658732235,0.09235809057586003
1.697625,-0.09010984611339798,-0.41281071919461776
1.69775,-0.00950438676726717,-0.15480965600963548
1.697875,-0.13254007532508277,0.36825482463496756
1.698,0.07077317512556643,0.24751224636846603
1.698125,0.293969903583575,-0.08178078177158539
1.69825,0.014231945564405525,-0.22883273687513522
1.698375,-0.278585305185417,-0.48090747500630754
1.6985,-0.40961128100446237,-0.29080008622471
1.698625,-0.008004082020430374,-0.07806587199658188
1.69875,0.35167596250690203,0.21108297272071502
1.698875,-0.12338659417227274,0.08750609182262716
1.699,-0.4481942249365508,-0.44269873054188086
1.699125,-0.36992778293926537,-0.42077046563748616
1.69925,-0.2783218405424905,0.023143672086704325
1.699375,-0.11652161731069352,0.17116746690667536
1.6995,0.10142899247784216,0.05777951193938725
1.699625,0.11812530367034221,-0.07605923339640211
1.69975,-0.2179889957409804,-0.3315876299251857
1.699875,-0.4516133985420526,-0.26001614678415075
1.7,0.0612868465944211,0.020758800901877036
1.700125,0.5793594868877159,0.1809692743386768
1.70025,0.2586143188051506,0.09284905542328557
1.700375,0.07530772308007151,-0.32475181033452427
1.7005,-0.22642665945428633,-0.4558038627003368
1.700625,-0.10184980048235241,0.12651643478938884
1.70075,0.05297385391515665,0.32895487040152405
1.700875,0.5806757824534899,-0.17631400350761273
1.701,0.5092939192227077,-0.28138303529297914
1.701125,0.03663817899898251,-0.39674176592051874
1.70125,-0.28291623218104045,-0.3683686513786722
1.701375,0.24176038607988423,-0.11598902543697277
1.7015,0.31104515335098704,0.19093659939793467
1.701625,0.10552311165137591,0.10768684500360753
1.70175,-0.04269749785520187,-0.23165016735193203
1.701875,0.03644502382030799,-0.5787825064307102
1.702,0.29381887344929447,0.0013333869270441014
1.702125,-0.03935672039755326,0.3993411404456374
1.70225,0.009012777424738893,0.2950380916256883
1.702375,0.28795554441792204,-0.13408031627639538
1.7025,0.04896658482141563,-0.3131253903394902
1.702625,-0.4740183090132175,-0.2636416618417679
1.70275,0.050880635183177175,0.10027738892264602
1.702875,0.34161792935264584,0.4110198913151932
1.703,0.34924405898557903,0.4922255185360315
1.703125,-0.0751303467921864,0.01013636161814616
1.70325,-0.05411028339844004,-0.2459856199176735
1.703375,0.07916664052915437,0.11231674313241079
1.7035,0.13256008362912675,0.2000040668584159
1.703625,0.23444065089242025,-0.04362218042067338
1.70375,0.20362152603267805,-0.03846894496468651
1.703875,-0.2600638085159095,-0.04648983024234372
1.704,-0.40610079218143263,0.07699075070744761
1.704125,0.012564823704332798,0.04355262927812932
1.70425,0.36351326430045083,0.04663616867963155
1.704375,0.33599729023406494,0.090279442637351
1.7045,-0.07805981996261076,-0.13026066686390428
1.704625,-0.15450995285506275,-0.30042521713946424
1.70475,0.005252297548046449,-0.001031505943356153
1.704875,-0.01627887009232853,0.40706759506070256
1.705,0.2920142853637806,0.1814136393887394
1.705125,0.30914301879194794,-0.02204714936616313
1.70525,-0.13029911232474234,-0.007326082863719355
1.705375,-0.3994570710770333,0.05245072377015391
1.7055,-0.36545516963451263,0.07292390222774246
1.705625,-0.016704597603427213,0.18810297248072305
1.70575,0.2520348334029649,0.12778083121816186
1.705875,-0.1797502107334641,-0.25545744446688
1.706,-0.3773872356872612,-0.5071962538113458
1.706125,-0.02343879744638095,-0.05047399846910025
1.70625,-0.1878879765373169,0.3029979563830221
1.706375,0.03361650842935761,0.13672726627848253
1.7065,0.1083752838999118,-0.16725413503676076
1.706625,-0.1060300599883061,-0.12955212191467003
1.70675,-0.38179549463485973,0.10569441508920709
1.706875,-0.17781440383116615,0.014483155117531668
1.707,0.04888475755086866,0.3039519099465499
1.707125,-0.007327674344086015,0.2535084359330796
1.70725,-0.43935819208682386,-0.18492117937769673
1.707375,-0.24429277045005146,-0.3989644622873627
1.7075,-0.24513763648357723,-0.1765884051261294
1.707625,0.06912103775475333,0.14926093566312482
1.70775,-0.12880628380079975,0.21735183752867865
1.707875,0.049597629087157306,-0.079911430480002
1.708,-0.006514719855798469,-0.36868768742348734
1.708125,-0.23964004357468405,-0.30626987926224525
1.70825,-0.12902115417926913,-0.10939171300002119
1.708375,0.24626018389988016,0.005265282123981717
1.7085,0.3774469412162477,0.17060928444625328
1.708625,-0.05097115750122627,-0.24869826931878364
1.70875,-0.16492613787822713,-0.4508638781202387
1.708875,-0.06816790886147392,-0.22442516826541772
1.709,-0.038178983552903493,-0.09912977807589969
1.709125,0.04527665773228356,-0.08085200522147176
1.70925,0.38153384382898947,-0.31474029659954283
1.709375,0.3791138852284875,-0.3995844757956842
1.7095,-0.25521997485690734,-0.24814254616816792
1.709625,-0.038688495574842274,0.027417950834260574
1.70975,0.28616744302307934,0.05695907172649514
1.709875,0.5232778661669758,0.10074533364849456
1.71,0.11616171157080842,0.060571389566908405
1.710125,-0.2598488017236667,-0.17305058611806617
1.71025,0.09985172653983583,-0.2172278621372974
1.710375,-0.012087299132316655,0.09426080850685452
1.7105,-0.07576775282151431,0.2262510415520708
1.710625,-0.03911051467159791,0.03037724404234335
1.71075,-0.08863620562766458,-0.130974981262431
1.710875,-0.07718259302264256,0.025916704731303235
1.711,0.09173804424241572,0.06368082682748526
1.711125,0.44958383980562844,0.014671645436013696
1.71125,0.4572072970875884,0.412083440497417
1.711375,0.0171878273086475,0.2558528121409117
1.7115,-0.5708460020870705,-0.015475491479509903
1.711625,-0.29827761173533424,-0.02219644337493606
1.71175,-0.03794601269269461,0.3901078643379839
1.711875,0.23779270694597626,0.48557049503758365
1.712,0.10311425012737115,0.27745671229611557
1.712125,0.12589482237667782,-0.11408734151788279
1.71225,-0.2585689371876548,0.10378851115423716
1.712375,-0.27635527772267915,0.13098470330225506
1.7125,0.12619254917577447,0.008428543475292049
1.712625,0.34230398105437443,0.005518552939562606
1.71275,-0.08534895111725656,-0.10289229712643504
1.712875,-0.5156278056764918,-0.25411533434412314
1.713,-0.20811249655781727,0.029824736014221215
1.713125,0.18171463298962498,0.39069446797428
1.71325,0.36562252036454684,0.37406207847304296
1.713375,0.2358473570682108,-0.05371574029877781
1.7135,0.007967060601745483,-0.5127731874279184
1.713625,-0.14775327258951304,-0.19272780943266615
1.71375,-0.3317357541905061,0.002721179184636557
1.713875,0.20231090762653073,0.10149164208570394
1.714,0.18146876849611038,0.12085075096097135
1.714125,-0.11802924497057476,0.07056724247076977
1.71425,-0.5412359670486782,-0.18843547905042057
1.714375,-0.1711736556663266,-0.18659732981702187
1.7145,0.16426258012461006,0.2819876797763669
1.714625,0.38576302118294997,0.17119025511746264
1.71475,0.3076798930335352,-0.03310012489054229
1.714875,-0.07178928548296686,-0.3904236495538085
1.715,-0.47990477664033604,-0.2952288101895513
1.715125,-0.39023153373149544,0.28896030366796627
1.71525,-0.2070431173349454,0.4535190113851124
1.715375,0.1334461193861845,0.23140881699967134
1.7155,-0.0601871271819648,0.00468799796592532
1.715625,-0.428235174415043,-0.08840838218258354
1.71575,-0.6133302650528726,-0.2888389042375276
1.715875,-0.08055814008568964,-0.04142348256906516
1.716,0.33840334664712135,0.43601675391419525
1.716125,-0.07631258725020935,-0.10825603358287485
1.71625,-0.06377101371865387,-0.5324113256597696
1.716375,-0.1858194416622365,-0.3724105496900109
1.7165,-0.5583644914130351,0.12779987842201962
1.716625,-0.1495854132281397,0.21420948715335658
1.71675,0.44208728874308506,0.13489891955523572
1.716875,0.15931930776861203,0.02498969283671882
1.717,-0.28326781321430455,-0.15287372368629892
1.717125,-0.4229148330874044,-0.4671237731040035
1.71725,-0.01555738779128324,-0.23412073498970065
1.717375,0.16976230803099582,0.14446168806887005
1.7175,0.18049498029883054,-0.1902789794856054
1.717625,0.14431087726505346,-0.28979918027797263
1.71775,0.007966008988860603,-0.3465536197863244
1.717875,-0.1656171122952317,-0.044109888035407524
1.718,0.2988137486637187,-0.025257581789357518
1.718125,0.6516310943101177,-0.12428178680646813
1.71825,0.36228705177752596,-0.16413600008110646
1.718375,-0.18753224398590065,-0.1833963089981528
1.7185,-0.2936281838162812,-0.2465430211636475
1.718625,0.31445566686852244,0.02594866432305693
1.71875,0.6061249995985449,0.4146613392017891
1.718875,0.44735334385510733,0.26446375591365956
1.719,-0.03736991839960893,-0.2902342425867571
1.719125,-0.10212757031059673,-0.3029591113237859
1.71925,0.04846586975023848,0.028285214826301294
1.719375,0.04752606422623369,0.14246753900935008
1.7195,0.2674545389514651,0.15030042723997414
1.719625,0.2192273377023248,0.05015204988305843
1.71975,-0.3088276792137912,-0.015352757035109273
1.719875,-0.4132457063632515,0.16712733486774167
1.72,-0.039083503389237106,0.4800958766190148
1.720125,0.09440797907517243,0.5376117878653099
1.72025,0.22281542718376302,0.35716410247320785
1.720375,0.014465021170606057,-0.23191915648337352
1.7205,-0.06084826358246474,-0.1370765216105239
1.720625,0.009227259414184308,0.39293320659290376
1.72075,-0.019661270354255276,0.5363552107830185
1.720875,0.2639340355918315,0.2896808067129018
1.721,0.2956977313324971,-0.015630973091486186
1.721125,-0.09960420100003957,-0.11073325992911129
1.72125,-0.5245142350128799,-0.029888816413055935
1.721375,-0.05561878434152062,0.0006802872583109581
1.7215,0.2718311773665783,0.1984622094073783
1.721625,-0.17530367064556912,0.33114658815519993
1.72175,-0.1816131930685806,-0.2970211885300605
1.721875,-0.15675793396813584,-0.48659566448276464
1.722,0.14177418335261716,-0.0397611001977259
1.722125,-0.12467526903990658,0.13351453822049383
1.72225,-0.02321349358572488,0.10119550766868596
1.722375,0.2174552383711479,-0.22320880768948084
1.7225,-0.21547973620370817,-0.0758366398128922
1.722625,-0.27101115343058996,-0.015227765140016388
1.72275,0.06629804059705494,0.04482153309793578
1.722875,0.3605446261251721,0.3699816366919432
1.723,0.03112795028851434,0.0673263029375809
1.723125,-0.2077395151995923,-0.2293074186583601
1.72325,-0.006850142848387614,-0.480900904933704
1.723375,-0.0545945126413463,-0.021157387478170305
1.7235,0.012883391180858744,0.26978943863022964
1.723625,-0.007261021448446567,-0.055715107000843686
1.72375,-0.26963105406476634,-0.20139754037535948
1.723875,-0.4359863657562385,-0.008662573405431034
1.724,-0.6070846444276324,0.11519857726540911
1.724125,-0.12376391566462062,-0.07392401650208952
1.72425,0.1477520028342029,0.037152917464365325
1.724375,0.10786251055189192,0.17292371142653998
1.7245,-0.22965967195491427,-0.11064181755717852
1.724625,-0.24457177973833036,-0.2058306115022094
1.72475,-0.11147895099399308,0.11394387641592052
1.724875,0.09236493491441512,0.1364389932241352
1.725,0.17000551932200947,0.002693083437969467
1.725125,0.16111164192090618,-0.2580531094752627
1.72525,-0.10236092437607316,-0.25957783994150424
1.725375,-0.4454647084677814,-0.10399484868851304
1.7255,-0.08820109205982259,-0.01704090161969281
1.725625,0.5203126950207755,-0.10331917576404243
1.72575,0.5230089535958747,-0.16774574969681946
1.725875,0.04860449005872275,-0.20305498863937915
1.726,0.046683788660934866,-0.6167667665258516
1.726125,-0.05835406472596396,-0.1786391493972087
1.72625,0.34758569379111226,0.05569776089740385
1.726375,0.3487136435455574,-0.04024481430301616
1.7265,0.15447478290753738,-0.18479718609944323
1.726625,0.07010057533508476,-0.31891103522112974
1.72675,-0.3266213343311414,-0.09720472558611848
1.726875,-0.13745248149875383,-0.09966034336702147
1.727,0.2383439083228551,0.31701411071551633
1.727125,0.2450393669099382,0.18034380090517807
1.72725,-0.24978192114721698,0.03322948920944432
1.727375,-0.27473168118299146,-0.26163682137332706
1.7275,0.2334298121848035,0.07383748448728128
1.727625,0.4009342451429247,0.48306832006472156
1.72775,0.2885253553511709,0.4319476421449126
1.727875,-0.0678785208799833,0.09734272933246774
1.728,-0.06085253735731318,-0.08611669962696734
1.728125,-0.2639408441230861,0.17267348593618517
1.72825,-0.07811160379070778,0.1304026019417572
1.728375,0.4466375832844573,0.3496725437116225
1.7285,0.10131300423614248,0.3188490036976556
1.728625,-0.20338312680222517,-0.2214417912434231
1.72875,-0.3650282018526992,-0.38907209709000934
1.728875,-0.002728362030264406,-0.1094981574036325
1.729,0.24693761731221728,0.287710495390473
1.729125,0.08527149553033982,0.13121292763372797
1.72925,0.018656610664882934,-0.18686734076245218
1.729375,-0.04073408578452384,-0.09909218543450139
1.7295,-0.23480964225096446,0.3631171946447287
1.729625,-0.2702579507934051,0.394870385395218
1.72975,0.3517352209220065,0.14723284070674225
1.729875,0.44948175904850574,-0.010406926631968504
1.73,0.008128375438495306,-0.07151153879487904
1.730125,-0.3277389452437778,-0.25146698010607
1.73025,-0.21052539104519258,0.05763659910393905
1.730375,-0.015889206370402455,0.28683542577173193
1.7305,0.0674676295109488,0.08032284569530973
1.730625,0.20902552025482793,-0.05609279749018261
1.73075,-0.008379977337251838,-0.33309394953153354
1.730875,-0.2756627456495608,0.17974082499517696
1.731,-0.12536026573484219,0.04012387311115935
1.731125,0.09114547998347187,0.06842536461882102
1.73125,0.32609579561503466,0.07818522692928943
1.731375,-0.15198200978323775,0.0754090168875846
1.7315,-0.3784031215636079,-0.14305944636941315
1.731625,-0.2743847389314406,-0.23755681157398165
1.73175,-0.07505796559874181,0.2163860272441379
1.731875,-0.06366970369845185,0.2893934685231659
1.732,-0.10995480194730993,-0.09519171432986345
1.732125,-0.015877968223014086,-0.21347992595518583
1.73225,-0.24123147903790876,-0.17297531664182225
1.732375,-0.3611661127662286,0.013485035986915837
1.7325,-0.07111866072058665,-0.07334757997797606
1.732625,0.08723154328312863,0.09674691440392225
1.73275,-0.23564268134273234,0.020094010887009992
1.732875,-0.4153706775246455,-0.1175161252229237
1.733,-0.13164064427793987,-0.1817770069115184
1.733125,0.025951718369787526,0.12740077803866032
1.73325,0.18138335052906143,0.38335768145596505
1.733375,-0.1210409256181106,-0.02114061051740879
1.7335,-0.07295391581067437,-0.19806253491819484
1.733625,-0.17822823996438553,-0.2179814164020461
1.73375,-0.014837018497774248,0.09254514092931945
1.733875,0.49117087802064613,-0.0749023709595062
1.734,0.6068935177914089,-0.1627090861339623
1.734125,0.18426003753480427,-0.19723764603418223
1.73425,-0.09347369245686044,-0.31083831386511607
1.734375,0.07505447465209658,-0.4032106513952993
1.7345,0.27045047930243993,-0.15405210274725784
1.734625,0.29099657531135614,0.06974819799164704
1.73475,0.06486293291682821,-0.2002913447836052
1.734875,0.11363422887576045,-0.4391070368440107
1.735,-0.11804248061171954,-0.1811053993892769
1.735125,-0.4032816553476024,0.19118202868510378
1.73525,0.1351225952907256,0.26696588913685104
1.735375,0.4130583891344249,0.11048247978792515
1.7355,0.21151654124136224,-0.13151629250821306
1.735625,-0.1636931224294237,-0.0232923601496028
1.73575,-0.1634332868342224,0.055075734896361216
1.735875,-0.07246384270636412,0.4240573485220248
1.736,0.11364032320259741,0.5656820100763263
1.736125,0.05075552280002805,0.290800154997252
1.73625,0.007294438092671763,-0.15065250202117092
1.736375,-0.10892702123758244,0.00578464898659061
1.7365,-0.1057090680235578,0.26192615256762014
1.736625,0.1523400981945572,0.21694475134398733
1.73675,0.4990315135502096,0.21655289580246445
1.736875,0.11808822389540562,0.09477645562701166
1.737,-0.026528533264158802,-0.14753384002474723
1.737125,-0.2091376152613317,-0.22978118155252839
1.73725,0.0663605654192899,0.027505196723214515
1.737375,0.036660398338722436,0.45046261489986716
1.7375,-0.0929900059055458,0.2278321550421818
1.737625,0.11932371207932287,-0.296156192353842
1.73775,0.13564576049907034,-0.2325354086719746
1.737875,0.058906524334880306,-0.028375080559665946
1.738,0.03838266320414479,0.07880728395341072
1.738125,0.009166643994522104,0.05350860892816149
1.73825,0.17770414267269488,-0.0022966807736707574
1.738375,-0.2945054550932852,-0.03680668218418027
1.7385,-0.41640307827050327,0.06883048873215508
1.738625,0.12864300105139287,0.06740964822102002
1.73875,0.26338397985491463,0.2856378053758061
1.738875,0.11294043180263753,0.012283084812925118
1.739,-0.1846954814003905,-0.2352351327670479
1.739125,-0.2337195663974381,-0.19534145873621075
1.73925,-0.1682534044397815,0.12287275284558255
1.739375,0.20904294977309282,0.09757215528707486
1.7395,0.32596435561678544,-0.06300203364744048
1.739625,-0.0592695219344353,-0.12918388206896925
1.73975,-0.3955333841338179,0.10786245729358032
1.739875,-0.4952864355968297,-0.048951495353784194
1.74,-0.10684930300701113,-0.019660903849688712
1.740125,0.2442642338370368,0.2981413138133089
1.74025,0.15552563954352305,0.23366923922055624
1.740375,-0.008659778724944804,-0.3679775552726275
1.7405,-0.3314986230749087,-0.3872069251214266
1.740625,-0.11180399628725313,0.008070761953851745
1.74075,-0.1909813188640155,0.28877949556841737
1.740875,0.18447698983732233,-0.045976365158895624
1.741,-0.1720700194333422,-0.11217246093159225
1.741125,-0.5383857855076293,-0.12212856586657699
1.74125,-0.527454306195967,-0.15960278721871782
1.741375,-0.10215679264156628,0.10759063534144643
1.7415,0.3312436715402322,0.3891141030022404
1.741625,0.22691064827698929,0.005203673976681632
1.74175,-0.3268289181205484,-0.336813051317605
1.741875,-0.12186439843491444,-0.4343793943916554
1.742,-0.040945925717801424,-0.06236363684068615
1.742125,-0.08896892814448501,0.34338463545220493
1.74225,0.22405443087439433,0.15217667781759603
1.742375,0.3129003661813765,-0.11671525075610739
1.7425,0.2354472750400704,-0.13228249752912322
1.742625,0.08662248838189111,-0.06440547870704236
1.74275,0.29060868889275354,-0.1410476521951044
1.742875,0.6504647735351714,-0.007509612666054793
1.743,0.20153497835070736,-0.25018596868323245
1.743125,0.08622345017833073,-0.3282972177201532
1.74325,0.029469897444307697,-0.5388769517280818
1.743375,-0.052315367886269545,-0.18001769853582686
1.7435,-0.04121467435133436,0.10401513394525963
1.743625,0.2878377847173707,0.06021389227970834
1.74375,0.05713761497359366,-0.20596681068479267
1.743875,-0.29821737388628095,-0.08916934647914944
1.744,-0.2526708319645289,0.0008422653485580859
1.744125,-0.04387882855347029,0.02519927256309466
1.74425,0.5028791588672141,0.25078908919841925
1.744375,0.17007974277040702,0.47822758098226736
1.7445,-0.28726459459204134,0.14941840290936992
1.744625,-0.329989941256395,0.1370011121395398
1.74475,0.09197696563757411,0.24673951718962792
1.744875,0.14907795298502857,0.46140348040054974
1.745,0.2372746435181275,0.35013599046550753
1.745125,0.35894278618295256,-0.048098719372344896
1.74525,0.1341260600732525,0.02552921596573783
1.745375,-0.020972881393170325,-0.002470875327729524
1.7455,-0.09318146618744001,-0.02759617157736009
1.745625,0.14813954075836316,-0.014790876520851363
1.74575,0.16461352881415348,0.13886264209584226
1.745875,-0.2625057965313999,-0.25137519661121127
1.746,-0.18254872267129366,-0.35587608439138274
1.746125,0.044768892438466316,0.016932013694703953
1.74625,0.07918032385398704,0.3011355081576011
1.746375,0.09967981126178516,0.01983420425131562
1.7465,0.003451413821840508,-0.18746767974785733
1.746625,-0.03367458788787346,-0.1724459030057251
1.74675,-0.41699611680238,-0.11939332181593765
1.746875,-0.1401141046913565,-0.031456385507102974
1.747,0.08601727525620262,0.25770978637697384
1.747125,0.13048777783669777,0.34752108375674007
1.74725,-0.10921645618096106,0.21490981503019754
1.747375,-0.07192935258374204,-0.026298298433037732
1.7475,-0.11355199455610432,-0.03900825384820205
1.747625,-0.13407746729957812,0.31075076201599616
1.74775,-0.17005294572792193,0.23825780200890478
1.747875,0.09002163041841169,-0.19356898207346304
1.748,0.1061480484784351,-0.16115632629028318
1.748125,-0.2869255786151663,0.10600879785713022
1.74825,-0.2618946805518739,0.1519673784197216
1.748375,-0.10943269853319226,-0.035410290457319284
1.7485,0.15425411085207663,0.15932957513889828
1.748625,-0.2576315389499861,-0.07634846086506818
1.74875,-0.1789954482981803,-0.35516328027430705
1.748875,-0.14702253383702696,-0.1539199976689743
1.749,-0.08323701505965368,0.12919097603871052
1.749125,-0.1261253819320632,0.12779057861850357
1.74925,-0.07479445946080308,-0.15593342081047085
1.749375,-0.07225975543169717,-0.22604570039042843
1.7495,-0.24747362336330897,-0.027027620861012888
1.749625,-0.2535034674285951,-0.05221987269785741
1.74975,0.11772762475844632,0.03141307037245649
1.749875,0.24182341386141712,0.05443565192591304
1.75,-0.15918878136119088,-0.1023559088877763
1.750125,-0.29464627864575554,-0.25977162736849624
1.75025,-0.06400007482961168,-0.2660143250163373
1.750375,0.23861662094553454,-0.031066014565393964
1.7505,0.2040202109709233,0.04036709155034178
1.750625,0.2869737212467297,-0.08472627936128303
1.75075,0.20789610177258022,-0.19058284313904209
1.750875,0.22738491247667642,-0.19806043550836272
1.751,0.10629027588142077,-0.040637209677999865
1.751125,0.3574362842722291,-0.041127719839240476
1.75125,0.3946673674178645,-0.0009954415234257098
1.751375,-0.1645576854749058,-0.14989522033726277
1.7515,-0.09959518246055808,-0.10805558605367324
1.751625,0.0015233354466495908,-0.2837133630921708
1.75175,0.09009358257342978,0.3223201829094071
1.751875,0.24942940232195943,0.18431593776159363
1.752,0.0986197156436057,0.04412669648367823
1.752125,0.17497046528180585,-0.22040862510620732
1.75225,0.026343739777322312,0.10621965888894168
1.752375,-0.027671638416241272,0.24034204410793344
1.7525,0.2044303581476703,0.20133004139374194
1.752625,0.3250784677358026,0.21223894870059032
1.75275,0.08969178598528557,0.018029800106675088
1.752875,-0.1419534613068383,-0.17016029944274547
1.753,-0.12184885640318832,0.06776410681621255
1.753125,0.1370277073435646,0.35291062226995573
1.75325,0.12554169467077608,0.2778144754401595
1.753375,-0.003506130036906268,-0.07602373236670035
1.7535,-0.008053129012186355,-0.24419667976745835
1.753625,-0.12088742558962194,0.010142421544409308
1.75375,-0.2956298991209007,0.2673608204816876
1.753875,-0.1108790240109075,0.1867328939746376
1.754,0.36895554237066996,0.11778524266456186
1.754125,0.19810193241618704,0.1909214662505924
1.75425,-0.37654615248824275,0.034099040291789624
1.754375,-0.09290778384286918,-0.15409693135433072
1.7545,0.0007371785981042381,0.3324586159967729
1.754625,0.17767888823865663,0.28084954060069767
1.75475,0.03971399912336909,-0.1394229099259347
1.754875,0.0006634393704790687,-0.09452212971429799
1.755,-0.25557901502770985,-0.11185783456796332
1.755125,-0.2534597893903547,0.13759672219835395
1.75525,0.23415032801624389,0.17103740319044494
1.755375,0.4694080854832883,-0.055730497247306575
1.7555,0.03394364363569968,-0.0300543285999371
1.755625,-0.2578941464030964,-0.28921509805080603
1.75575,-0.021270529900506607,-0.17897578970223782
1.755875,0.1663829507612951,0.09032953413717548
1.756,0.3119622245250907,0.33556783915021665
1.756125,0.06960301537838487,0.08526882798364284
1.75625,-0.11888809032781418,-0.3117987595401514
1.756375,-0.3011288463246773,-0.18117160816292088
1.7565,-0.3426686633514838,-0.041620342757076205
1.756625,-0.26912585423937196,0.15914037049860205
1.75675,-0.05580620124380689,-0.0038933736596002584
1.756875,-0.023468579229659843,-0.08120586835390736
1.757,-0.43050780855197485,-0.1482259927682606
1.757125,-0.3015079392749323,-0.2281897647947467
1.75725,0.06105048284663669,0.14647997495133597
1.757375,0.034720751896439445,0.30554299652362815
1.7575,-0.21981364351330263,-0.023894152749196002
1.757625,-0.28980137182526755,-0.2302589023709103
1.75775,-0.09733580935354515,-0.12750545867657792
1.757875,-0.16999504989794562,0.23092434699732878
1.758,-0.0748381487989187,0.23052296484633075
1.758125,0.38150848088085876,-0.012169446263603887
1.75825,0.18327606436884458,-0.28391594039950163
1.758375,-0.3594046631834836,-0.1703333172815714
1.7585,-0.3306574491097691,-0.3390179942587587
1.758625,0.03004255273852434,-0.33270614872247556
1.75875,0.25129817834275975,0.003983053192437114
1.758875,0.41975636634111857,-0.06610846737266671
1.759,0.17372246219396065,-0.4331559813205281
1.759125,0.10743478907105933,-0.2118121926154819
1.75925,0.2772743047388152,-0.06751042518251839
1.759375,0.4725070166892081,0.030302346528379747
1.7595,0.4225762020161664,-0.2546218324939644
1.759625,0.5002035493134831,-0.3149501268042702
1.75975,0.14014075273945964,-0.21751946749229709
1.759875,-0.21603614994665712,-0.20367692306542054
1.76,0.3185642179204402,-0.011958867091553279
1.760125,0.409936894522472,0.3603008811483641
1.76025,0.050452034035218966,0.2454036564185527
1.760375,-0.01322067155552112,-0.42682741209146213
1.7605,-0.10988759964442453,-0.3427719463648715
1.760625,0.1731380972212545,0.10388093090545605
1.76075,-0.12584431835474513,0.3409990388133776
1.760875,0.08437753688104872,0.10455597081062558
1.761,0.012317882822509651,0.10935344548285554
1.761125,-0.20754787194304958,0.007634550960125074
1.76125,-0.4457281595572006,0.1269670777440533
1.761375,0.20426040879795312,0.27966433245259886
1.7615,0.3588125634959326,0.4903781516492212
1.761625,0.19624026925176022,0.2573132748589047
1.76175,-0.01349827788453053,0.048735361400972295
1.761875,-0.11338101605156553,0.024798609469916497
1.762,-0.08937106036063877,0.13293226038787528
1.762125,-0.17136587140093135,0.2099902949521629
1.76225,0.13575252542921157,0.03330571612860685
1.762375,0.2519310925813927,-0.043126670768758556
1.7625,-0.1891873816125764,-0.009405408509414867
1.762625,-0.25455548481752716,-0.24409549453068674
1.76275,0.04915961829410235,0.09913322667892907
1.762875,0.366292777064481,0.13845589599860605
1.763,0.15986796353262495,0.06276547983000777
1.763125,-0.03783789553017922,-0.28421745605276805
1.76325,-0.13708003657637977,-0.3452368453385003
1.763375,-0.13082277957824148,-0.032617211872971646
1.7635,0.03567532495660524,0.397940256942875
1.763625,0.1450643411106185,0.16929407682536357
1.76375,-0.1586401344413604,0.0613292320138843
1.763875,-0.37017084179659965,0.0049510537033777245
1.764,-0.5214747972007214,0.08568997123187776
1.764125,-0.05017897593553972,0.002324954053916908
1.76425,0.2626584159535079,0.15400714033048227
1.764375,0.17028495788706266,0.30182444236874284
1.7645,-0.24753853940500617,-0.10945317434023694
1.764625,-0.04735592431673062,-0.31841287213791064
1.76475,-0.2760712214611789,-0.14327863346708353
1.764875,0.012186229170715164,0.3475341559002883
1.765,-0.05763516854853393,0.3320602693394788
1.765125,0.08064923087712032,-0.09342184778835962
1.76525,-0.21847740760952375,-0.14987695235342707
1.765375,-0.3231600886264132,-0.060028746999616925
1.7655,-0.20696409137996735,0.05940097814558518
1.765625,0.10207382453212854,-0.014149634436949329
1.76575,0.02398465381972078,-0.013087287669476321
1.765875,-0.32049277398819026,-0.3338759632227124
1.766,-0.2076579645649002,-0.5466556533451087
1.766125,-0.111633575526697,-0.1022678560594091
1.76625,0.25074961938902385,0.3640220840992903
1.766375,0.19604600180115242,-0.03185004193899704
1.7665,0.030864598880990145,-0.20328837587705947
1.766625,-0.2297949036374633,-0.2546045776433069
1.76675,-0.27233015403633043,-0.13242835058738975
1.766875,-0.010674681425835948,0.030946534557564905
1.767,0.39584937439791934,0.017085481230357174
1.767125,0.30560504173201825,-0.03957759176320208
1.76725,-0.14381494674641038,-0.16265551073502635
1.767375,-0.14502380253019062,-0.19577137111361104
1.7675,0.08700743168639292,-0.15660617860021786
1.767625,0.20020024355566637,0.048174750175245
1.76775,0.2725998156515821,-0.03315875659817413
1.767875,0.15388735994964192,-0.4043298798429337
1.768,0.07291656281090732,-0.225453677744301
1.768125,-0.125611571678571,-0.10164088951701546
1.76825,-0.07883099132307672,0.050520731619932764
1.768375,0.3788126593560706,0.06619202947552892
1.7685,0.2841556287237231,0.0108548385052004
1.768625,0.10696426105233213,-0.16844883431595414
1.76875,-0.09641656006993002,-0.24961796158323607
1.768875,0.15923610064681243,-0.03760199933157895
1.769,0.27347292800534573,0.30680599189147256
1.769125,0.0982141689673671,0.31542820565345076
1.76925,0.10800356926902034,-0.08968473849247542
1.769375,-0.0866414943366745,-0.3815061323986273
1.7695,-0.26777643926446826,-0.04339317717955735
1.769625,-0.1901378280889384,0.24200246708643702
1.76975,0.10756454034946547,0.2293182395942766
1.769875,0.13271766751103997,0.11938236018918463
1.77,-0.22772982762578112,0.15355112773434723
1.770125,-0.27875899376497487,-0.1284726967593411
1.77025,0.09528560888347719,0.17204834335038216
1.770375,0.2038698663526571,0.27755825759722536
1.7705,0.333596629898864,0.32479580124895435
1.770625,0.1869711731623541,-0.017774695753207632
1.77075,-0.031266692952894026,-0.12207059399949974
1.770875,-0.3745390130579127,0.2599328372510221
1.771,-0.46619260036065363,0.1821916668907443
1.771125,0.05750012814639327,0.0937784540131505
1.77125,0.17899133838734194,0.13554435758784739
1.771375,-0.07450190803523143,-0.00252346983092898
1.7715,-0.39493779279687624,-0.21003210543282258
1.771625,0.0009760675530641772,-0.13004694687583598
1.77175,0.2684714618316726,-0.029658108843652806
1.771875,0.27805548373473815,0.21187653175556062
1.772,0.12153290469364662,-0.09692978735801183
1.772125,-0.07593742905015269,-0.24286654194237955
1.77225,-0.25218878645153664,0.24638795029257368
1.772375,-0.2312510990267479,0.2302810617967031
1.7725,0.19215014674864964,0.10169080201178846
1.772625,0.4084969969679941,0.3023940426770254
1.77275,0.08370455016875906,-0.01363319332539025
1.772875,-0.24395482381699662,-0.1546914906256038
1.773,-0.31857881668591015,-0.17700621037662712
1.773125,0.01655810486050732,0.04134194165772463
1.77325,0.11443322753024855,0.11714205968427994
1.773375,-0.1081825938159376,-0.1114734417811683
1.7735,-0.1646946016078587,-0.3376417477026067
1.773625,-0.273220189306249,-0.10515753566842524
1.77375,-0.23439853271611877,0.09340568939849551
1.773875,0.14328122499142332,0.18497889985299387
1.774,0.20802287567860753,0.07092695899554564
1.774125,-0.28185380056992093,0.03840705996753929
1.77425,-0.6702011304028176,-0.20746156097951976
1.774375,-0.39866267778456427,-0.16786080646195636
1.7745,0.10588805440935195,0.18545194214137145
1.774625,0.26147866271006176,0.3270524739831634
1.77475,-0.03318467770980672,-0.036860385143172164
1.774875,0.026860965469597087,-0.34531944474702003
1.775,-0.2480074675773652,-0.012734720081617548
1.775125,-0.1322054076631016,0.152773524511693
1.77525,0.05578164562530989,0.14221669732432035
1.775375,0.3421320479655996,-0.1162783824656932
1.7755,0.24171981336882536,-0.02342288574168106
1.775625,-0.15208264408255268,-0.19161628395207564
1.77575,-0.08158620454430413,-0.366904480935418
1.775875,0.0325257158878757,0.07493833156601108
1.776,0.19271056587399174,0.21259400524442637
1.776125,0.051039915078632266,-0.21526102948230172
1.77625,-0.040936151629206274,-0.5549194481875895
1.776375,-0.029889082717715565,-0.3785143668884756
1.7765,-0.0942263118013179,0.1278062340546516
1.776625,0.18472708106207658,0.31454723645490706
1.77675,0.44831850688795555,0.14401382134433127
1.776875,0.334290965538931,-0.023719964271431273
1.777,-0.06024757990165992,-0.16998770765006663
1.777125,-0.04048859673638134,-0.2075641295994769
1.77725,0.3198976552850739,0.12216185249888566
1.777375,0.23236278310484984,0.3424959317159846
1.7775,0.11526430687284014,0.22041561591672912
1.777625,-0.1647058733203877,-0.23746468161915338
1.77775,-0.30556526376879284,0.06471045697483235
1.777875,-0.30939149147524686,0.1423860569097212
1.778,-0.015397222894441752,0.11061394025523784
1.778125,0.15956301835736553,0.08021416589912261
1.77825,0.2381362747209625,0.04104085271564493
1.778375,-0.09125267876520964,0.06105299960334211
1.7785,-0.15015850261498861,0.06191835244079858
1.778625,0.19742756644939657,0.1266009013465351
1.77875,0.38820850659376827,0.37647771755569925
1.778875,0.2539231864320459,0.43796688826859836
1.779,-0.05973736809357669,-0.21755354675092406
1.779125,-0.011432744765269667,-0.09314259039091881
1.77925,-0.16729430292604547,0.4017444407604743
1.779375,-0.1358233691374522,0.3014557058723203
1.7795,0.30493513690095286,0.1117916996969366
1.779625,0.2780463608268271,-0.0880853718535965
1.77975,-0.5342285788722061,-0.24409210025861572
1.779875,-0.33026563036850515,-0.20790311082731427
1.78,0.042796014251658375,0.0966075918279224
1.780125,0.2817125198871749,0.2548535232032459
1.78025,-0.0324427380778007,0.16967728589981484
1.780375,-0.569011485057888,-0.15828249466068106
1.7805,-0.2463952301715867,-0.1044541030179731
1.780625,-0.16838116098371264,0.25775732034819754
1.78075,0.14488249692430408,0.35682183177776466
1.780875,0.3637843326998732,0.16322267045785968
1.781,0.09050765252262256,0.003261250452209248
1.781125,-0.1961867127429425,-0.15631377948739245
1.78125,-0.3898015378650891,-0.08085852337974198
1.781375,-0.03244657422268814,0.04953169303683162
1.7815,0.16099206036741057,0.43295100877374443
1.781625,-0.19104077610040804,0.26048333098918347
1.78175,-0.267567112840694,-0.25188851388356215
1.781875,-0.04114853466313646,-0.26554069644598854
1.782,-0.0008969867302793193,0.024699775279566634
1.782125,-0.21753892444891365,0.25880032672924785
1.78225,0.1542402854779225,-0.040733754841239214
1.782375,-0.10181079477481586,-0.3881525085634371
1.7825,-0.39764809558163616,-0.27242444098720126
1.782625,-0.4301209170154842,0.008581537335348683
1.78275,-0.08028115576365691,0.04036223965453065
1.782875,0.1243647862126005,0.19838686194628755
1.783,-0.0068649152659846545,0.17741845952892965
1.783125,-0.3762630459202706,-0.1299040233869346
1.78325,-0.04690955992930202,-0.40203685467996175
1.783375,0.14721664283592104,-0.14156800334399205
1.7835,0.39356527898421956,0.04309678760682373
1.783625,0.4853333840284486,-0.007765562884011912
1.78375,0.6081108192033359,-0.2173578819438981
1.783875,-0.15275698418974265,-0.10781618389119545
1.784,-0.5355210329271444,-0.07518159728127304
1.784125,0.06336667710919512,0.0535438368075839
1.78425,0.4792628599222421,0.140219467436731
1.784375,0.26253361027552685,-0.0914467432435951
1.7845,0.11413340293854027,-0.3400565583325087
1.784625,-0.15296249470333143,-0.3925078375147105
1.78475,-0.00012185536394797262,-0.13526712069977753
1.784875,0.07873883008513895,0.2477329668995118
1.785,0.19758619595713703,-0.07950769781846934
1.785125,0.42429097711505803,-0.19941353226289601
1.78525,0.22169540385384937,-0.2685550341537325
1.785375,-0.10619873504139106,0.1736456149834974
1.7855,0.13387911248531223,0.3733137851077821
1.785625,0.44055377959146996,0.37116709717259655
1.78575,0.2044424534912165,0.3734428625318029
1.785875,0.047616932658436965,-0.002125844660525056
1.786,-0.12600239252171053,-0.478730498745353
1.786125,-0.13704858735443606,0.16030226589583305
1.78625,0.06936095528630969,0.46149442867905127
1.786375,-0.01876016159923313,0.22707818006605496
1.7865,0.046275621242762466,-0.10497530769884064
1.786625,-0.026416663766874567,-0.17098328534632268
1.78675,-0.21681124151812678,0.10719293420364008
1.786875,0.011788987614889633,0.12398413339687894
1.787,0.3769571768741339,0.24385745713811263
1.787125,0.2984315237029453,0.4581123074995277
1.78725,-0.1553402961280831,0.1563444622785508
1.787375,-0.2572750649926077,-0.08320691213084651
1.7875,-0.15609690685117733,0.13882652639482398
1.787625,0.03309185313355629,0.4815012664305795
1.78775,0.25945089634078267,0.25216334156383435
1.787875,0.09411080619813143,-0.028876413585666616
1.788,-0.09219025599152136,-0.18329254867176362
1.788125,-0.11579153027834545,-0.020448124161193668
1.78825,-0.23709798134921636,-0.05469757826550314
1.788375,0.2524275955686511,0.18487749023916428
1.7885,0.44302079388140003,0.2813135102578019
1.788625,-0.2842400900850901,-0.07328910036767367
1.78875,-0.3257281499560937,-0.18768396827259295
1.788875,-0.12488412960732914,-0.23161350986723106
1.789,0.29850438485822944,0.3123854939758509
1.789125,0.10368747495485381,0.1942345477063551
1.78925,0.16949444207305445,-0.06859823954415534
1.789375,0.13179811001753208,-0.15772543346247717
1.7895,-0.2226575728736707,0.01156770807095048
1.789625,-0.23492537389229176,0.16151145169449863
1.78975,0.17573906065910613,0.06125435461164325
1.789875,0.02183789338876863,0.2746779605671267
1.79,-0.4682985393903401,-0.09169332268702897
1.790125,-0.6873679898627315,-0.2766827235323224
1.79025,-0.39159943794949015,-0.2343056034339384
1.790375,-0.12024136866708184,0.1245602685861037
1.7905,0.11790725185003174,0.20534722695447905
1.790625,0.006563877637730741,-0.17224065822989562
1.79075,-0.21021079436423573,-0.42600482536468953
1.790875,-0.10141772603048746,-0.04004264821060085
1.791,-0.16533091977861988,0.1603138728212787
1.791125,0.08599630646223734,0.06887283858256348
1.79125,0.19242264440862117,0.05850668380601256
1.791375,-0.20715317403730016,-0.018742329526049484
1.7915,-0.538636087495293,-0.3685328613358196
1.791625,-0.33077900696211404,-0.159782504353344
1.79175,0.2832898030575446,0.29099180511871436
1.791875,0.23890771572828517,0.3015701411672751
1.792,0.17239179502938354,-0.225547687633267
1.792125,0.29571522186023874,-0.48043800132943504
1.79225,0.10459446021625511,-0.2164683401724012
1.792375,0.015407094828460553,-0.10939966666239359
1.7925,0.19070515680632216,-0.06859254880564987
1.792625,0.5223909706925429,-0.1313804306111763
1.79275,0.3667825767261121,-0.05088379205498056
1.792875,-0.011241460430009887,-0.10009688535995234
1.793,-0.015809336368386554,-0.27097299467644415
1.793125,0.20042622651404435,0.0906292549417726
1.79325,0.14825271529568404,0.24535910944587758
1.793375,0.09570651450256805,-0.15989689570969895
1.7935,-0.03411661779037028,-0.47735175752134057
1.793625,-0.04497272868800258,-0.3543517625072066
1.79375,-0.20777356930034405,0.17400607146355918
1.793875,0.2099262314876594,0.22094709541725513
1.794,0.3521122513688196,0.36006260183602873
1.794125,0.06713867747390119,0.02295858823924198
1.79425,-0.4806180587202033,-0.06500525617292655
1.794375,-0.1953593024178727,-0.0030176368461361557
1.7945,0.30888613782018876,0.32640300318156645
1.794625,0.25524101478593486,0.6113436561034246
1.79475,-0.029972398156324097,0.33259867782087293
1.794875,-0.19455330883411062,-0.035077893691398424
1.795,-0.3489684602399568,-0.06531084332969521
1.795125,-0.028885312320390006,0.3335410662761066
1.79525,0.4018986671322674,0.02303602423493156
1.795375,0.6435327776804821,0.08879108142529493
1.7955,0.24250945269602833,0.024730419731389668
1.795625,-0.4405125487476795,-0.15715627598488138
1.79575,-0.25464237379587973,-0.14275158029275462
1.795875,0.07990680142015341,0.23911624907986218
1.796,0.06866141985388545,0.29892892281864025
1.796125,0.020634939527944745,-0.02065301490720041
1.79625,0.1321001002621994,-0.3318453131257307
1.796375,0.04827144323564259,-0.12291007892618577
1.7965,0.044096904958628766,0.24501200205095472
1.796625,0.1414466558467714,0.27999349652912336
1.79675,0.2274408520858866,0.07654901685134712
1.796875,0.18216752308720408,-0.2760993904966164
1.797,-0.2571398799014659,-0.1929725659622993
1.797125,-0.24665289293941212,-0.1782581231731391
1.79725,0.15696444414115918,0.2761705294603849
1.797375,0.0752748032488993,0.43910001823125944
1.7975,0.13098795897098542,0.21980277345044708
1.797625,-0.16354650333495657,-0.36132294048299457
1.79775,-0.4119104744882386,-0.39397345208236745
1.797875,-0.3838495917077366,0.0822977491020661
1.798,-0.19289313151157467,0.14510907080582788
1.798125,0.07856290255930377,0.05143022653314524
1.79825,-0.0015055243734554448,0.2633149489931864
1.798375,-0.45309673571013964,0.03310265508421837
1.7985,-0.46120704960855036,-0.11968378297866124
1.798625,0.09006121217043452,-0.09083291803604078
1.79875,0.2313160313074188,0.16796838625908908
1.798875,-0.11762737531821424,0.08166058980699867
1.799,-0.3157809751492367,-0.3461714223048744
1.799125,-0.14240679901655331,-0.30222321364452964
1.79925,-0.29145136504892966,0.1817372657172429
1.799375,-0.13130068144142593,0.29127992275226294
1.7995,0.1880967910632532,0.10410728876112299
1.799625,0.19457652062267944,-0.16113277181665217
1.79975,-0.20323293955686636,-0.16876206231649893
1.799875,-0.3310262877931587,-0.3030163916526079
1.8,0.12999922643065867,-0.1691083719442242
1.800125,0.3912685942240218,0.0024825366196148213
1.80025,0.24664930620096948,-0.07394073354795015
1.800375,-0.13578909783371376,-0.3355955310722462
1.8005,0.014761885695545542,-0.5257615281393221
1.800625,0.10638746521877014,0.05033984817328091
1.80075,-0.012771347561718436,0.259035365506212
1.800875,0.08050011345924295,-0.05747246977409491
1.801,0.2124953693242697,-0.3660611408807358
1.801125,-0.22586106507990675,-0.26940605226701597
1.80125,-0.30447949425549564,-0.1923156381383818
1.801375,0.4312368028332197,-0.09067175445499383
1.8015,0.5686863497109457,0.1959127032365022
1.801625,0.1809654676316923,0.10023213828187998
1.80175,0.04322890846642144,-0.2876644840917768
1.801875,-0.12752798482813762,-0.3767463664781146
1.802,0.0762779706903557,-0.020997800670024366
1.802125,0.23211606267284943,0.41009647341423194
1.80225,0.3496664724998899,0.10276504037167802
1.802375,0.5327200032767366,-0.05494643163276455
1.8025,-0.10074858312076974,-0.10046074307071513
1.802625,-0.3837400730513162,-0.1393003573465757
1.80275,0.0147888032684205,-0.03401291399714631
1.802875,0.5734866901441253,0.2776778552255692
1.803,0.13991846174113282,0.18737328727806285
1.803125,-0.1988775857044841,-0.18905956613929922
1.80325,-0.2103285655396352,-0.33694997459213005
1.803375,-0.11264853501144513,0.3696405332323859
1.8035,0.08375725224622793,0.46664267374785545
1.803625,0.5353197949754128,0.3019661294216754
1.80375,0.36756896310302495,-0.08422293683393853
1.803875,-0.1899648016478205,-0.04289106752322477
1.804,-0.46381346400567286,0.10501815145897327
1.804125,-0.10260703687968155,0.166791623315476
1.80425,0.46110532865834186,0.35643182908744037
1.804375,0.20643296584056686,0.22308684610420082
1.8045,-0.4453316561875621,-0.30327898472570414
1.804625,-0.3575189339419042,-0.5123579870605908
1.80475,-0.20701406593394753,-0.07031029222384164
1.804875,-0.10470371410522207,0.23338423716359227
1.805,0.1698710698835869,0.2975586585977248
1.805125,0.3754975378907141,-0.1966292889527706
1.80525,0.08237978302478181,-0.2917966721316891
1.805375,-0.4600229104872626,-0.047592183858674655
1.8055,-0.1563468689586879,0.14197331023638016
1.805625,0.32959225620443944,0.43353613928895834
1.80575,0.205257644155642,0.2810046018402277
1.805875,-0.11644268171294543,-0.08590688728674865
1.806,-0.1701726966496134,-0.46120606273907194
1.806125,0.005424823545034164,0.015732543892355875
1.80625,0.05349867263136185,0.3517235987944727
1.806375,0.06611967058660345,0.16411530301664
1.8065,0.20814680636078015,-0.34484459694510733
1.806625,-0.06008399272713808,-0.40489277423422265
1.80675,-0.4132609322659123,-0.20841692555499106
1.806875,-0.228393499927874,-0.12443928567616101
1.807,0.23424846876252228,0.11360022418339749
1.807125,-0.15341426466561472,0.20560375474799636
1.80725,-0.6415255027945338,0.05108735760655344
1.807375,-0.5764779295811351,-0.3862290704247534
1.8075,-0.28866025755053437,-0.1642579080071491
1.807625,0.0054215941271304946,0.38685125134877696
1.80775,0.12654749762691425,0.21469401730067536
1.807875,0.22564576806633166,-0.08010567900642385
1.808,0.0293950015104507,-0.11481365779894177
1.808125,-0.4906207987829506,-0.035994980297039667
1.80825,-0.26482280616145576,0.0991212619231354
1.808375,0.32194126207162166,0.11250966691316018
1.8085,0.4715926274979749,0.2216961115588788
1.808625,-0.07904003667041555,-0.013885476593722778
1.80875,-0.09472124438633839,-0.4254830813525811
1.808875,0.13088587822497033,-0.26499285935232153
1.809,0.3060388439339627,0.1752148833062056
1.809125,0.3208813142390787,0.02573636581376222
1.80925,0.350564090418482,-0.3491461942076502
1.809375,0.1593163561608488,-0.4905367001386105
1.8095,-0.3675196172355125,-0.2646146039999397
1.809625,-0.17507070182933943,-0.036925537200340246
1.80975,0.5242337569259671,-0.016762691903954904
1.809875,0.6812393331469659,0.11635724598876404
1.81,0.1288058291935369,-0.0212425101435767
1.810125,-0.5561048301818693,-0.3314695914095182
1.81025,-0.3384738494669589,-0.19008647321319666
1.810375,0.20427477960269183,0.2979274625918529
1.8105,0.13100483397462254,0.3600717861158472
1.810625,0.41796854162735003,-0.0641204253877788
1.81075,0.24176116751235543,-0.22652040359569028
1.810875,-0.006483575015826757,0.0005450907086654461
1.811,-0.11251002710302088,0.2371920795367705
1.811125,0.21561982308167138,0.30119334115084706
1.81125,0.35500251999975646,0.22681395735220194
1.811375,0.14467573028160016,0.03155459370640616
1.8115,-0.18395464807148817,-0.26656564845210456
1.811625,0.0020356814186328702,-0.11435434035357012
1.81175,0.5641059458098984,0.6059892352314248
1.811875,0.24559848856683528,0.5443943196062206
1.812,0.16935993275851205,0.05402748073263916
1.812125,-0.1262726492511059,-0.4192494518851348
1.81225,-0.43304892298080816,0.007581880885568171
1.812375,-0.37778172228945445,0.0021286084973686907
1.8125,0.15124992437726917,0.06554369950573002
1.812625,0.3825032788602767,0.16127392684878294
1.81275,-0.01247978355397078,0.21210049526246444
1.812875,-0.2759696824824593,-0.05880791387300307
1.813,-0.20297684704492217,-0.028281249695669055
1.813125,0.2612040599581492,0.13912325647551851
1.81325,0.16818682624293024,0.24603695529779968
1.813375,0.04665644671184298,-0.02326655374759559
1.8135,-0.08450595191796559,-0.1825344188238121
1.813625,-0.18660741452630275,0.17372707832923118
1.81375,-0.3836500936847119,0.3473405168489569
1.813875,0.19295476644657578,0.34805890390755057
1.814,0.2865109516517625,0.08476280431727624
1.814125,0.091697220283591,-0.22517839765771064
1.81425,-0.46256651716922215,-0.3389033415638991
1.814375,-0.37230788064586817,-0.2841946725830871
1.8145,0.2281277934491985,-0.052187498066052766
1.814625,0.1687689557621273,0.1966618503128935
1.81475,-0.028924087058217546,-0.02538075118361197
1.814875,-0.1284002665023172,-0.418549709368503
1.815,-0.29339014277510606,-0.033041862606312304
1.815125,-0.44655224384976067,0.149963696111727
1.81525,-0.1340305101559817,0.07501951666560386
1.815375,0.5474607806701933,0.11987757621081137
1.8155,-0.008676055958037636,-0.07285639979454243
1.815625,-0.8148698072741892,-0.21515393340777733
1.81575,-0.46988267356373065,-0.32488095827961466
1.815875,-0.15754040914551304,0.23390399285814212
1.816,-0.16082403653320163,0.42781473138522663
1.816125,-0.4302564555057688,-0.045497705528867935
1.81625,-0.1475579980259245,-0.4022378591203799
1.816375,-0.21667870004988166,-0.13584154617149655
1.8165,-0.2430886280335597,0.24856273423385858
1.816625,0.03223393025479088,0.1477619199688542
1.81675,0.5412949523005678,0.11810013223670829
1.816875,0.2890459417750648,-0.0906362781028621
1.817,-0.18850379447267643,-0.2974172753783985
1.817125,-0.28099524125631736,-0.4555450120389117
1.81725,0.3678330630555823,-0.11654186794735233
1.817375,0.72943782880949,0.36948030888580513
1.8175,0.416390448511497,0.13880132174071816
1.817625,0.24602705200332128,-0.5096855105695276
1.81775,0.1790151447075629,-0.49879968260277946
1.817875,0.10674655477014301,0.015269817844859911
1.818,0.17500964923156606,0.050671674523201544
1.818125,0.29514052291135906,-0.14796438978653775
1.81825,0.2451288371364264,-0.21756678441640398
1.818375,-0.3027328954674267,-0.19687159990526598
1.8185,-0.1335936055733064,-0.342966141083234
1.818625,0.05995947375235713,-0.11351892724977124
1.81875,0.30636980241791195,0.43904055554417315
1.818875,0.10345418677459423,0.21970789105090313
1.819,-0.09240053874931015,-0.329358024556903
1.819125,-0.10745502661243955,-0.22005223863138215
1.81925,-0.08094342470782914,0.2806821304903323
1.819375,0.41237219728388147,0.4580556831645447
1.8195,0.6127751265033374,0.35311440132877614
1.819625,0.4033787289212073,0.16943521717815793
1.81975,-0.2980697292789195,-0.07314947939232369
1.819875,-0.5565829800252929,0.08122177247273696
1.82,0.042291689539412834,0.09282661161568705
1.820125,0.6558258583109728,0.33279383322851874
1.82025,0.3157139130815055,0.19395287165545666
1.820375,-0.08829262676331137,-0.38215610900398866
1.8205,-0.10873822189053467,-0.2627407582907407
1.820625,-0.03552656333200141,0.1679336796236476
1.82075,0.21368363190940773,0.3348231653740857
1.820875,0.2201746257187915,0.10862478139446906
1.821,0.30806766387539597,-0.13185479831806393
1.821125,-0.5047652860254325,-0.26019061076985006
1.82125,-0.509580535156961,-0.1605334845909192
1.821375,-0.005425053846129318,0.21077015317135733
1.8215,0.3988255279759902,0.4594097539205577
1.821625,0.014992187735887152,0.3331993930946362
1.82175,-0.30328437299943356,-0.23466600144325309
1.821875,-0.4815521604310913,-0.5058422069131888
1.822,-0.3442204800219834,0.06343948772550183
1.822125,-0.18568835355354216,0.24040238070937764
1.82225,0.2300952000106368,0.11580148353332621
1.822375,0.2718372208281245,-0.052744458677129666
1.8225,-0.1204320034932443,-0.03735831504288587
1.822625,-0.3101026616097761,-0.2374936796718882
1.82275,0.1795575413421902,-0.017153769755935546
1.822875,0.4667291042539664,0.3311963452555755
1.823,0.13181143725236744,0.24967231553563762
1.823125,-0.17506420062283898,-0.36897852450697294
1.82325,-0.27673179559872463,-0.41391205858157204
1.823375,-0.28299379695198973,-0.065467841044453
1.8235,-0.20336975372894445,0.4605421550961354
1.823625,0.16206006590801864,-0.017122437956638984
1.82375,0.15401875363209244,-0.2707784741392086
1.823875,-0.42015356767900064,-0.3112150654766737
1.824,-0.703466819365615,-0.3140961042790359
1.824125,-0.16350104880892818,-0.14481029664397013
1.82425,0.3217769761679181,0.13717121678183053
1.824375,0.26215935178333577,0.20608545649238466
1.8245,-0.3821459475731579,-0.18578541804619172
1.824625,-0.2769305541612188,-0.21112550459891596
1.82475,-0.015455767664131339,0.20367124212852444
1.824875,-0.12593186664078557,0.6085313343602264
1.825,0.14595690035747533,0.10209378069689223
1.825125,0.19205508462942078,-0.35609802762084697
1.82525,-0.10708102986502378,-0.14417505466101546
1.825375,-0.2648288962399525,-0.2911918748010591
1.8255,0.36686348601850255,-0.042283754056963496
1.825625,0.6619796243652902,0.1597479669637451
1.82575,0.5521773613400468,0.06080364070945164
1.825875,0.010470816146426429,-0.28513657299590744
1.826,-0.1150934805558764,-0.6738636579283807
1.826125,0.1596842869955293,-0.12499039570604771
1.82625,0.24749460821434718,0.46613046224100474
1.826375,0.33894996359941026,0.17072618002857173
1.8265,0.40819080893327203,-0.25923035211654427
1.826625,0.16619763391992218,-0.2024825506664815
1.82675,-0.26729167225720696,-0.09999383839351932
1.826875,0.08241705500698075,0.0022405263683486585
1.827,0.5443476451010165,-0.03137894723505286
1.827125,0.48056179312384745,0.35563800905548654
1.82725,-0.2128500904385367,-0.1347412533821925
1.827375,-0.37746384575625214,-0.3206427510995179
1.8275,-0.21058505864404983,0.13446366872471804
1.827625,0.05614155600142434,0.6982553457057709
1.82775,0.15250672570451215,0.5284446229703271
1.827875,0.3723934541523801,0.12955885308865658
1.828,-0.20809515694679198,-0.13145088818978198
1.828125,-0.5082730766837992,0.08990935994964079
1.82825,-0.1426926859915577,0.181806348607947
1.828375,0.47364527542244234,0.22494399652500927
1.8285,0.5307328026884259,0.27878839190007715
1.828625,-0.15989147565924802,0.15593502463274284
1.82875,-0.4062415756527755,-0.37818601790625905
1.828875,-0.12103826116405002,-0.07447678347113519
1.829,-0.10701422051757133,0.6222547515179524
1.829125,0.10928853884139451,0.5422888567848917
1.82925,0.09526180350338136,-0.13701737070253084
1.829375,0.2778416904671989,-0.36398374898550506
1.8295,-0.3013562197262064,-0.13802151829660153
1.829625,-0.24937840933435573,0.14627450347443646
1.82975,0.2821830188924153,0.14939893903315804
1.829875,0.4747280819292632,0.31469402664204604
1.83,-0.06300448614389324,-0.17515517356044105
1.830125,-0.5011936480484165,-0.5987403371097398
1.83025,-0.1668476807137409,-0.31609345462834526
1.830375,0.02580200819507047,0.425393999671363
1.8305,0.2267801526331636,0.5434349688630462
1.830625,0.1707671693684469,-0.2054979912103493
1.83075,0.10278372777458053,-0.37658699080536706
1.830875,-0.32668048045962716,-0.21909602268549622
1.831,-0.2664525214598545,0.016943308026284
1.831125,0.31615748091282025,0.012428911650800486
1.83125,0.28802035026232264,0.301549515721406
1.831375,-0.3361488848541624,0.2711022810434611
1.8315,-0.5924749394143529,-0.3278961008183199
1.831625,-0.28750473405559057,-0.29018847050956803
1.83175,0.2352822551199695,0.2778930634935188
1.831875,0.06609843748788853,0.4300825941307507
1.832,0.016124014236432616,0.04999447174420322
1.832125,-0.015238492910626376,-0.4554092744344467
1.83225,-0.31487233805939435,-0.051151930941989776
1.832375,-0.37727321694619786,0.21410661171868658
1.8325,0.08498740910365113,0.15711320032783815
1.832625,0.32576184519975165,0.326851414577586
1.83275,-0.09421877079795614,0.11760448831923333
1.832875,-0.7542178540263409,-0.2894604211051033
1.833,-0.3675967626776189,-0.4566623158976595
1.833125,0.16461886605916662,0.29629553691496
1.83325,-0.04948624019592085,0.48932795278353497
1.833375,0.13463298896250897,-0.18769484783782545
1.8335,0.11961281801297975,-0.5625563728306978
1.833625,-0.12553843065824183,-0.06668400796552186
1.83375,-0.13792241526497673,0.23855746981503329
1.833875,0.40020118810966177,-0.07572564859448161
1.834,0.6358921128621796,-0.057737291627296586
1.834125,0.2539691358118835,-0.1367989292754351
1.83425,-0.27538995607975747,-0.35081731736308663
1.834375,0.09928464508607329,-0.31529625111507564
1.8345,0.4030649755095144,0.021989637988454953
1.834625,0.3915155458434181,0.2056046810290715
1.83475,0.15649102197503345,-0.016859409024669224
1.834875,0.15897940266873517,-0.43996636458949684
1.835,0.2862856016775429,-0.27958680091949945
1.835125,0.01494795556857981,0.11182693699033237
1.83525,0.3970671043633749,0.06139983013133038
1.835375,0.8560810606402848,0.10213906930140167
1.8355,0.18157841462678553,0.20539118650988408
1.835625,-0.5000843352537729,-0.104656140358288
1.83575,-0.2037596193529724,-0.08001779479533262
1.835875,0.15915290643037333,0.21326284711190036
1.836,0.39099369738830997,0.8357056951669045
1.836125,-0.08521781956912963,0.2776443864819108
1.83625,-0.09288433789509089,-0.2793094063298638
1.836375,-0.27363782717163443,-0.1394390824276176
1.8365,-0.33013233895261457,0.35318628037915034
1.836625,-0.24068637681548863,0.260955842380752
1.83675,0.4612446305586045,0.241549031605415
1.836875,0.26798075433820984,-0.015034216528442558
1.837,-0.31319890781832727,0.13973232993871088
1.837125,-0.29471088688321867,0.09419166903775021
1.83725,0.22564601008459984,0.5101897000904774
1.837375,0.3614742730543529,0.7813258843592135
1.8375,0.11243595723096171,0.2367986176821525
1.837625,-0.17759509548296062,-0.41857832626270264
1.83775,-0.23828237546953018,-0.22934280492975212
1.837875,-0.268910979774542,0.08432032234365681
1.838,0.13085399575914997,0.29274129309639496
1.838125,0.705579639087879,0.17526161952296948
1.83825,0.28779237119194817,0.02145212716728211
1.838375,-0.611175419171792,-0.04519501839036597
1.8385,-0.6941236979189502,-0.23666309815921066
1.838625,-0.022461623626506163,0.05642994868786003
1.83875,0.5168442771021364,0.2525404547160651
1.838875,0.22911868809504335,0.07723247650760641
1.839,-0.2959980516844401,-0.4366540845215515
1.839125,-0.34669061119148414,-0.15726006506591322
1.83925,-0.27396479728774803,0.34598142765332685
1.839375,-0.0658694285983437,0.30235732759603084
1.8395,0.2274569751526964,-0.05724369204487335
1.839625,0.05035918548331777,-0.225056789596119
1.83975,-0.6393871317434905,-0.25124902348664113
1.839875,-0.4819103535714279,-0.16278358539496277
1.84,0.01831828861913142,0.11708914838435851
1.840125,0.39424141665784806,0.6576845245204739
1.84025,0.014961374997030076,0.1935044853201812
1.840375,-0.33597213477418797,-0.6237626834301463
1.8405,-0.24690130029511168,-0.5880794295418631
1.840625,-0.004922288885992989,0.08456585964482932
1.84075,-0.02242329521346126,0.48652277594470333
1.840875,0.35828237574325233,0.05205915446884445
1.841,0.021341833688285707,-0.38458811347423444
1.841125,-0.8728084506703524,-0.269903626740496
1.84125,-0.6911297507288598,-0.22074365174608745
1.841375,-0.14654188320806372,-0.043329355918249775
1.8415,0.37549419698743175,0.17962099373164866
1.841625,0.1824813306581538,0.06303194607445943
1.84175,-0.2871932621809368,-0.43703454452460655
1.841875,-0.10697972014634188,-0.39666024786151133
1.842,0.037437513007315515,0.02901877200419182
1.842125,0.208455469899207,0.40549249975210416
1.84225,0.49112531950531424,0.022881067055812596
1.842375,0.3951976344459181,-0.36116694786434994
1.8425,-0.1617736970912515,-0.1948424744689692
1.842625,-0.3070061303187409,-0.0609514723618677
1.84275,0.17758207508233748,0.006010731263192928
1.842875,0.6964714841024224,0.032529787208526416
1.843,0.42971103209466055,-0.006504858806585482
1.843125,-0.0284989556887494,-0.6576554030263466
1.84325,-0.1317970493875963,-0.6578998917252443
1.843375,0.10182097796191658,-0.058691277292523845
1.8435,0.11320134742859299,0.4337272016375068
1.843625,0.25986025172859156,0.09674157990865102
1.84375,0.5022289736669284,-0.19145824956824486
1.843875,-0.061976805413269304,-0.04780051322153486
1.844,-0.5875734446926585,0.16652927921167351
1.844125,-0.03862243258973837,0.33997815053353725
1.84425,0.5433275027763621,0.4498443867974441
1.844375,0.21769699843907384,0.3282765866993779
1.8445,-0.23806863825620056,-0.14015732796324495
1.844625,-0.24000650270844529,-0.45732643453698235
1.84475,-0.04161154240619187,0.01542116004153217
1.844875,-0.004805888067112843,0.5793182701825633
1.845,0.5361878204439797,0.26180095055288727
1.845125,0.46548792998631533,-0.08599912124192637
1.84525,-0.09233228629508365,-0.1660259559105566
1.845375,-0.532481549082053,0.09860929572911287
1.8455,-0.1676240131913348,0.11454578510501716
1.845625,0.5173416953033302,0.10314753546010962
1.84575,0.2770017892188169,0.4035071161384937
1.845875,-0.17694614432161962,-0.03882027687151087
1.846,-0.28452893079273167,-0.6111418245381234
1.846125,-0.1549940310244516,-0.1147647863838949
1.84625,-0.09792300944936791,0.5667967669869918
1.846375,0.0485709472184652,0.28405780779648365
1.8465,0.18478023967310636,-0.12266832363236976
1.846625,-0.058429919076878334,-0.2454156191735336
1.84675,-0.3779282507982384,-0.11561882230977275
1.846875,-0.11277039523998844,0.03404936418483574
1.847,0.43732218023086167,0.37993750392559666
1.847125,0.49780872750772925,0.44712012406973695
1.84725,-0.20161441975981828,-0.020596970760109117
1.847375,-0.22973721718524792,-0.34091613581767105
1.8475,-0.12441668572623539,-0.05815600534015706
1.847625,-0.009177674256011188,0.537730746638027
1.84775,0.1554203952959082,0.3612227364143084
1.847875,0.008467944294491197,-0.17728640799631404
1.848,-0.07965503382147686,-0.20861515638680503
1.848125,-0.5786812002746957,-0.23659976732143273
1.84825,-0.33649596241311613,-0.1723297998810836
1.848375,0.48781071381818536,-0.0896378885608787
1.8485,0.38986310848507477,0.24677492183773414
1.848625,-0.003654682893790281,0.006220816534568511
1.84875,-0.47867035041833317,-0.37236022381565864
1.848875,-0.03238479830952998,-0.23354905184540942
1.849,0.11365137219950643,0.28865885864380475
1.849125,0.2534327691641467,0.25138020848286574
1.84925,0.02137708002742297,-0.28763370306820346
1.849375,-0.2600280208983761,-0.23111756854601684
1.8495,-0.6098824967705049,-0.09754028694666447
1.849625,-0.336740026193542,0.0724270415793
1.84975,0.3265801963062211,0.1177840769912639
1.849875,0.5709427816496716,0.07388401614896051
1.85,0.2301101682205768,-0.04720992626617972
1.850125,-0.4022271541804269,-0.3862325646100616
1.85025,0.00037097151582610627,-0.1883884011968895
1.850375,0.2702764387535525,0.4172883061242338
1.8505,0.2307753063416635,0.44414898223324867
1.850625,0.4076599989258259,-0.09421678246771711
1.85075,0.17577448767353349,-0.5663344321232897
1.850875,-0.19045238562626562,-0.20017568400538419
1.851,-0.4757106141813238,0.21502972404635498
1.851125,0.3036919253734703,0.10265363729633259
1.85125,0.6621975449580184,-0.124547824199512
1.851375,-0.01664792557850891,-0.28425611533386597
1.8515,-0.4363257957069547,-0.4958558845416231
1.851625,-0.29872354270722024,-0.33348789719376803
1.85175,0.2345072749078013,0.2200517678610634
1.851875,0.23190838742343245,0.5669063825528775
1.852,0.2112196386013959,-0.11242310501271888
1.852125,0.07815007359692697,-0.38115088534504354
1.85225,-0.1390807345343898,-0.01835275420950266
1.852375,-0.36576215322614014,0.14449794130742852
1.8525,0.46308550627482525,0.27597069409657465
1.852625,0.5799307865917592,0.13727030829626624
1.85275,0.09906014666018383,0.18966582802827509
1.852875,-0.5749256544224748,-0.1844589486899798
1.853,-0.07178133817889022,-0.2929018279216005
1.853125,0.36064888650329735,0.4073293866324226
1.85325,0.16029418040566093,0.6073001047805658
1.853375,0.04168362306851716,0.22471241606543102
1.8535,-0.0436985477963307,-0.40428295893928623
1.853625,-0.13052476246238118,-0.23941133890451097
1.85375,-0.12409018332613336,0.1692795068532381
1.853875,0.17414429845534363,0.26250629468060904
1.854,0.5794729741178049,0.016871069193482368
1.854125,-0.05301057369199341,-0.041366863301839744
1.85425,-0.41808890028162937,-0.11667940389339815
1.854375,-0.1616659698691159,-0.37279323940031517
1.8545,0.48754622521240204,0.3069604988296651
1.854625,0.15522673377043034,0.5541973881272152
1.85475,0.033616507525649056,-0.0040403628628313416
1.854875,-0.16235913058641074,-0.5173922887291563
1.855,-0.28595886324637837,-0.21206524882025604
1.855125,-0.314367507310397,0.3449681461589352
1.85525,0.2296613324754183,0.13848667245551205
1.855375,0.6910188689612866,0.05720547768058846
1.8555,0.07464385986678397,0.040912365602936034
1.855625,-0.5220469702414833,-0.14366611461291498
1.85575,-0.44596188918241625,-0.249450709408786
1.855875,0.17250998638980813,0.15600641688132236
1.856,0.32450343872232557,0.3930542795375476
1.856125,-0.16809936683622295,-0.0026210069853748836
1.85625,-0.29432771206188196,-0.33375362814883447
1.856375,-0.37994310896798694,-0.10087288145288631
1.8565,-0.49536081453480035,0.34024546367788855
1.856625,-0.1573289204210903,0.20089955469926812
1.85675,0.3824687376491346,-0.11823894397290019
1.856875,0.02738279882122905,-0.02871715295695118
1.857,-0.7666013189466899,-0.26866192586791243
1.857125,-0.7366217834533442,-0.3540280288061431
1.85725,0.06105151990877477,0.21931104399579118
1.857375,0.2259032335534782,0.5190917849811627
1.8575,-0.015041073047745537,0.2310857217353069
1.857625,-0.25061187611081515,-0.3368009958006801
1.85775,-0.2702842457338752,-0.2022300593252703
1.857875,-0.34136771846991176,0.20367267251178903
1.858,0.12994728332067623,0.13150610862477655
1.858125,0.34416335295654343,-0.12398162830049286
1.85825,0.18799014451181656,-0.20348048995589027
1.858375,-0.4603815476746145,-0.4323027192428455
1.8585,-0.6770979518591604,-0.5061581367863035
1.858625,0.22600392498543775,-0.09164204764996094
1.85875,0.4100557905357916,0.31236096092286464
1.858875,0.25924258703115016,-0.008765831465367559
1.859,0.0020464812188156203,-0.7001369933826477
1.859125,-0.09531724963696377,-0.5992405370124336
1.85925,-0.2089087354488981,-0.0499246318657658
1.859375,0.032782908789145505,0.32242576587236577
1.8595,0.6918189507462627,-0.053448634709500994
1.859625,0.6338166086571034,-0.3228991604894809
1.85975,0.09845308506710511,-0.3608831344860404
1.859875,-0.49556886500952135,-0.3273991306301412
1.86,0.05066585014484154,0.08853682511481324
1.860125,0.4140014993052599,0.37220763667879103
1.86025,0.29016027635879305,0.22106884122074105
1.860375,-0.027888647781405054,-0.33509667329006537
1.8605,-0.1822006143015814,-0.47449457218630514
1.860625,-0.09482528367627284,0.0563558323585362
1.86075,0.001413495797826033,0.47073268782805217
1.860875,0.35634266447495144,0.3479235943841398
1.861,0.38636826578633493,-0.02405620238265048
1.861125,-0.16495884079557227,-0.007199957402922076
1.86125,-0.4639457921136059,-0.03493022099197995
1.861375,0.14177020329017478,0.18146868142361497
1.8615,0.8457432407820165,0.5260385471653317
1.861625,0.4540337078571066,0.6811508311373686
1.86175,-0.15557692628540296,-0.09273561065199133
1.861875,-0.38892059710713967,-0.3489559361063702
1.862,-0.4484852562614495,0.18194458222610022
1.862125,-0.20749651314005713,0.4388527528506346
1.86225,0.30090354644885187,0.28310487914112625
1.862375,0.2709596839135698,0.14224498981431288
1.8625,-0.2398025487914437,-0.09529679027367972
1.862625,-0.2613287844743525,0.027316862162351446
1.86275,0.2336919330816987,0.046573110918444745
1.862875,0.5507428638717716,0.3306187132792935
1.863,0.03263336259514931,0.4263081173658316
1.863125,-0.4324334572753471,-0.18593767719080273
1.86325,-0.39574902351732816,-0.44480579452623253
1.863375,-0.24773958787003722,0.21661691559177654
1.8635,-0.10154292205718933,0.5741939716230012
1.863625,0.27112018871865007,0.3829514773362042
1.86375,0.466474723346175,-0.16178318404572747
1.863875,-0.12603387033221836,-0.3576720626711372
1.864,-0.586128084766478,-0.344099218438042
1.864125,0.0025365882899823083,-0.19593905588596153
1.86425,0.34091863113626136,0.21776689719800726
1.864375,0.13639071831065636,0.16000262330210874
1.8645,-0.33943840374539436,-0.19998433455250075
1.864625,-0.3807460330049818,-0.23539503246093485
1.86475,-0.19810233701609406,0.15345239989880713
1.864875,-0.01904075083596243,0.4561500874378216
1.865,0.17233792068746615,0.2242468522472617
1.865125,0.1650374918140084,-0.2571563616542429
1.86525,-0.3015606337424604,-0.37415314182474985
1.865375,-0.6558603946566437,-0.28334467683064724
1.8655,-0.1258469813172846,-0.031875118153319185
1.865625,0.225164950408991,0.29585789503882276
1.86575,0.3482689938372803,0.41753356640949624
1.865875,-0.40379926397246385,-0.1686747863486179
1.866,-0.3401105686196683,-0.5005285708340705
1.866125,-0.07390549400931819,-0.15832900366200747
1.86625,-0.07861589848194281,0.3595370529852772
1.866375,0.03871492637414467,0.11652519241046211
1.8665,0.4278832412786828,-0.23208562997059728
1.866625,-0.15401120845185265,-0.3692735819554912
1.86675,-0.5453068519358301,-0.23680146847824005
1.866875,-0.30865642306739643,-0.020804390352709427
1.867,0.3952898618972077,0.21456064167322367
1.867125,0.43886197688179696,0.22695512048899488
1.86725,-0.07326969144031044,-0.0665650691813925
1.867375,-0.18799743896467327,-0.5152753679656026
1.8675,0.11426247905823785,-0.3311323476354174
1.867625,0.38434100104163665,0.24574214099620378
1.86775,0.30275650903329004,0.15721112157524816
1.867875,0.41958105969707266,-0.2784454622580402
1.868,0.3875184650594542,-0.38570112846783494
1.868125,0.1456062495213822,-0.14889638186250012
1.86825,0.0841957840631296,0.060492885032603624
1.868375,0.4681050863739111,0.14383142638245866
1.8685,0.6456742873348372,0.28440240941713485
1.868625,0.04069349040323413,0.015690090094114803
1.86875,-0.3230924735612349,-0.3951893159841783
1.868875,0.08422079577933261,-0.3186221163942971
1.869,0.1846119104849324,0.17859367661675904
1.869125,0.1648819610981054,0.23908028245926508
1.86925,0.011463547664728471,0.06951129453047358
1.869375,-0.044426003128209386,-0.11978872804456155
1.8695,-0.5683819592688846,0.12603868957399095
1.869625,-0.311174567993768,0.3026513803734826
1.86975,0.3935113844093038,0.43413777557273897
1.869875,0.5409897976571897,0.4177396721385721
1.87,-0.020428366725503185,0.17925604591674305
1.870125,-0.43195480557679006,0.006985877818812315
1.87025,-0.07323010340971932,-0.004792673747987206
1.870375,0.19287954434840612,0.3588601483335415
1.8705,0.133052489277839,0.5828495472572017
1.870625,0.13296287752601954,-0.15955189330423747
1.87075,0.23027232274104784,-0.3099892821337972
1.870875,-0.21217794109143706,-0.09053979522551263
1.871,-0.14007461065143653,0.18909150370499278
1.871125,0.3387631175774202,0.07278324256499341
1.87125,0.48236722194271303,0.20885053536469306
1.871375,-0.2252203839442453,-0.005746818839814052
1.8715,-0.5844052991892122,-0.3848287758089695
1.871625,-0.0738357915192279,-0.3441024067436873
1.87175,0.3093693907694705,0.3588482264937479
1.871875,0.15240194581069386,0.5565121141023718
1.872,-0.0475502814023681,-0.16435688902888
1.872125,-0.2097319903222526,-0.3513464617518379
1.87225,-0.22854538057663173,-0.10055756930993011
1.872375,-0.04621524662767451,0.11827845576283458
1.8725,0.26805875571494897,0.0014751457712925008
1.872625,0.17470134862116163,0.20112881566094232
1.87275,-0.167292082818329,0.09802942256256529
1.872875,-0.6545833922367154,-0.1936053737901391
1.873,-0.22070970060594752,-0.24891244540042126
1.873125,0.3589167043851882,0.17025172507749697
1.87325,0.32676024523244196,0.49150541902105327
1.873375,0.1153520981260183,-0.22536833515768484
1.8735,-0.0812322161827595,-0.3968133416720457
1.873625,-0.39438122087466154,-0.14263113972273123
1.87375,-0.44957414100088144,0.11525437684316357
1.873875,0.10149090558984127,0.16391749450439091
1.874,0.3909865184152201,-0.1694833236395598
1.874125,-0.17000452871578042,-0.22088228299365323
1.87425,-0.6192518382296417,-0.3763454115087761
1.874375,-0.3259109080996251,-0.21427435181585094
1.8745,0.12520788080128384,0.17088499019858744
1.874625,0.21274155375667564,0.16001053259351228
1.87475,0.24254588352158815,-0.2389497751974842
1.874875,0.006907402484592161,-0.5444696527247619
1.875,-0.16910839316479648,-0.21343422589535352
1.875125,-0.33729026278299273,0.1981773378326941
1.87525,-0.05455147825741447,0.25108138517191164
1.875375,0.38104262341916795,0.14513973489147491
1.8755,0.20789263030903354,-0.06265164798077046
1.875625,-0.5431419648067087,-0.3725592827535581
1.87575,-0.4277608801775825,-0.4332187848820768
1.875875,0.2524857896803671,0.10729111845339115
1.876,0.29201429786497024,0.398526828854833
1.876125,0.23584676837525173,-0.028309313118827655
1.87625,0.09913498920634281,-0.6584217171297201
1.876375,-0.1495602151079869,-0.3009016631829754
1.8765,0.022217441845716033,0.28391381403083754
1.876625,0.4048150078826786,0.34284316272768434
1.87675,0.7234464643851457,-0.0158936689657683
1.876875,0.32238270855401724,0.07226967911311662
1.877,-0.37492706940750226,-0.17789429806636203
1.877125,-0.408370435406048,-0.1696696299709925
1.87725,0.11291076901661817,0.023795448644837527
1.877375,0.2630338474383967,0.29432606132916744
1.8775,-0.09224397989716175,0.15181288017531955
1.877625,0.003688693616270294,-0.4775373197367714
1.87775,0.038870641909116405,-0.25593949108215275
1.877875,-0.02171867368600469,0.2876188915950174
1.878,0.11749493001534242,0.42574002812820566
1.878125,0.5646820777875057,0.326720898193582
1.87825,0.1669997463256527,0.11956494892469276
1.878375,-0.18875708933139507,-0.055555543963347664
1.8785,-0.411404963578928,-0.17245530710135215
1.878625,0.13586611764089715,0.16858422301756087
1.87875,0.5595001986165495,0.3972016119378185
1.878875,0.0976735288498859,0.22770797434982196
1.879,-0.03858465519336452,-0.3370550555089602
1.879125,-0.02038999279408934,-0.29034794269657294
1.87925,-0.03240876353634996,0.09438678208781698
1.879375,0.03749534611267751,0.07956539718928947
1.8795,0.392859827734371,0.06111180245446376
1.879625,0.3913980867736438,0.030252072956769523
1.87975,-0.45296799329149945,-0.0526269940456492
1.879875,-0.4500210951422065,-0.04119060059962515
1.88,0.14667594899489764,0.0722835532887945
1.880125,0.34300438659772786,0.49401411657344657
1.88025,0.06657372818408185,0.2402957666748861
1.880375,-0.15450604619113834,-0.29166004911895305
1.8805,-0.12550299206478435,-0.2945757144006088
1.880625,-0.16406392287708574,0.1361414997059772
1.88075,-0.2552351040058682,0.2996344860695252
1.880875,0.10736639573560801,0.05428751408640207
1.881,0.1785839324171776,-0.03744144870030615
1.881125,-0.2987427751585709,0.06773491944652385
1.88125,-0.3306095412239439,-0.17524512462207564
1.881375,-0.13747056596640894,0.17726507510925302
1.8815,0.05968507796600849,0.21956549104467923
1.881625,-0.13142745016257276,0.1367302804588043
1.88175,-0.2547487445952128,-0.3580498220669975
1.881875,-0.28136318094441276,-0.49006467609487053
1.882,-0.3330651635417699,0.06971414624609948
1.882125,-0.16993043609191824,0.3469745947668861
1.88225,-0.07079366507223524,-0.028075463283252652
1.882375,0.05567029364884887,-0.20498102101726443
1.8825,-0.2537179406715386,-0.22978710354110074
1.882625,-0.5123528769565804,-0.17974432941019342
1.88275,-0.15055491914759575,-0.262205422446427
1.882875,0.3362333572190707,0.21188629283862578
1.883,0.2822310826356657,0.05321436379451541
1.883125,0.009792159891882085,-0.18129938239567514
1.88325,-0.23719143613131055,-0.4470917969668026
1.883375,-0.06761806011162026,-0.0139735072386634
1.8835,0.053283061041946495,-0.0359295206049204
1.883625,0.07555595727243308,-0.00443172910371906
1.88375,0.23732305072044307,-0.2894972910625381
1.883875,-0.10817433633814198,-0.26580258993161043
1.884,-0.23048979053573038,-0.3409848535603247
1.884125,0.3373282799566145,-0.14920380627366733
1.88425,0.6716295677409905,0.09584838663807417
1.884375,0.2241225512311017,0.08075322210649337
1.8845,-0.11208863828889128,-0.13010604692212438
1.884625,-0.10746746259758004,-0.5584246071277787
1.88475,0.03705682385397016,-0.12324403224343014
1.884875,0.09660342955925759,0.46201126263328374
1.885,0.2946200033205428,0.18827091396525036
1.885125,0.24221111179396299,-0.1652278431897287
1.88525,-0.10294150127709016,-0.14564987367653398
1.885375,-0.23714930890408314,-0.06764232023833369
1.8855,-0.03870087702797428,0.04576965279649782
1.885625,0.5704161585801084,0.1375644678171448
1.88575,0.3642722564314983,0.24541365468354912
1.885875,-0.2341345436293892,-0.06654689599857347
1.886,-0.448570984035374,-0.3095898877699403
1.886125,-0.041098482658055914,0.27127937009350117
1.88625,-0.12575667317684194,0.6444701873501906
1.886375,0.25795580180450184,0.3171353485950056
1.8865,0.3873380815748711,-0.004438419952552705
1.886625,0.20917393059202316,-0.1780818358535775
1.88675,-0.46071438551973587,-0.0867257505256466
1.886875,-0.2147909310707913,0.12016161554725079
1.887,0.39383978864014174,0.3960854420777316
1.887125,0.4332060206964247,0.1569925472042945
1.88725,-0.1814099537598542,-0.021159563371470506
1.887375,-0.3311792012099341,-0.06013757630363641
1.8875,-0.23446072250397443,-0.024015041867543923
1.887625,0.06332637985461448,0.3303864944537212
1.88775,0.31647315037644186,0.3964919015346429
1.887875,0.2674462613785659,-0.21284184055375194
1.888,-0.12569983892268663,-0.3217770693788825
1.888125,-0.5330452315233264,-0.04815127834491935
1.88825,-0.4353780644024753,0.1759037272792945
1.888375,0.4112170303374191,0.36299839715372284
1.8885,0.44832045301372064,0.49499260798962363
1.888625,0.02609267194871482,0.06555304783666178
1.88875,-0.33691999961401825,-0.5021549965163022
1.888875,-0.2610697335662428,-0.3876398294052554
1.889,0.11604893883230658,0.3024800944168085
1.889125,-0.03547834701886514,0.3947673025964768
1.88925,0.06601030745394328,-0.09660483490004254
1.889375,-0.11433720517460527,-0.3726987181788346
1.8895,-0.4836612902510458,-0.1825826028116951
1.889625,-0.07497887651505689,0.010041580247284897
1.88975,0.5105145180889833,0.2918596215321112
1.889875,0.6239200638142128,0.18130755369266408
1.89,-0.32967716808283254,-0.038369122608456374
1.890125,-0.5414261078204031,-0.373447848071365
1.89025,-0.2736575545251576,-0.3958767206773426
1.890375,0.01990496590000273,0.14872805548270962
1.8905,0.11736411118368974,0.412242600509388
1.890625,-0.026382803791841235,-0.04453748613898278
1.89075,-0.18680091505150165,-0.3731535564553727
1.890875,-0.46465828489282673,-0.032044295477010744
1.891,-0.4174513558770647,-0.03560652516166697
1.891125,0.43160934785076466,0.07806443263041753
1.89125,0.4454533291110287,0.13508591595297448
1.891375,-0.09496523537094612,-0.08200729108321306
1.8915,-0.6574722394119596,-0.4467473117450052
1.891625,-0.2764779961066225,-0.2606730903085762
1.89175,0.14567411895924828,0.3859959044645777
1.891875,0.1317249430231242,0.5243080595934196
1.892,0.06917710717982063,-0.18589328921483994
1.892125,0.16597148838965087,-0.4273511182438367
1.89225,-0.16131550358980604,-0.2928132562721311
1.892375,-0.010142495258017177,-0.1227591596480301
1.8925,0.31852332322646376,-0.04142044251505633
1.892625,0.7248006917631279,0.033325233725051355
1.89275,0.20632701777052204,-0.1805409113448988
1.892875,-0.20567968399536551,-0.35110720814366686
1.893,-0.056252407268371274,-0.29129749798097604
1.893125,0.2308736158094362,0.2529582135866567
1.89325,0.2726389512194944,0.36023988106800925
1.893375,0.05625321989593845,-0.0315293538205921
1.8935,0.1775125351926139,-0.46364288891508326
1.893625,0.04463833529388031,-0.22198645535107442
1.89375,-0.23078228603276005,0.05295137135696897
1.893875,0.28320182460035,0.14451074782678347
1.894,0.4319273007441663,0.34268615919031514
1.894125,0.04643263100992536,-0.12625083721230332
1.89425,-0.3770530158568202,-0.183309490375102
1.894375,-0.19051885687438272,-0.018497617273596424
1.8945,0.27340632946444554,0.5046578574190627
1.894625,0.2602076320206263,0.6409460699990392
1.89475,-0.019041113735324366,0.19918827642399786
1.894875,-0.038241441866583105,-0.3164477942576308
1.895,0.05773194952187147,-0.11098732359027969
1.895125,-0.03508867310222063,0.23311831109945072
1.89525,0.2822328495519188,0.048255109842652646
1.895375,0.6551382033475548,0.1349393305087873
1.8955,0.04677699712329212,0.039795311177984065
1.895625,-0.328774409714596,0.03874560480622754
1.89575,-0.19889742680867312,-0.08314959396683322
1.895875,0.19747547610559274,0.15379371668262257
1.896,0.33543805176131264,0.31505255860923304
1.896125,0.13875335924957544,0.015396060514756392
1.89625,-0.0978507309098333,-0.36402793575765513
1.896375,-0.008896896729146266,-0.2223836829371328
1.8965,-0.17012204419351568,0.3779939668322423
1.896625,0.1104755671807451,0.31908035773349047
1.89675,0.25081106131990066,-0.09737831829733164
1.896875,0.13404234154148947,-0.018184188877571807
1.897,-0.23054868185091462,-0.12475930816793644
1.897125,-0.13151147145778078,-0.027210229680853622
1.89725,0.20758892019734992,0.1719351213775925
1.897375,0.23639314954647178,0.346304063144938
1.8975,-0.024489025957909815,0.09949358364082489
1.897625,-0.20384179507576666,-0.4096303901296642
1.89775,-0.10326586065021862,-0.26437053401081556
1.897875,-0.2111381766451198,0.2017126879469725
1.898,-0.08523703054074001,0.05535957548987096
1.898125,0.37723613423696406,0.05401293094952533
1.89825,0.13944785892430026,-0.04501157127684017
1.898375,-0.7554132031084737,-0.03419681219995221
1.8985,-0.507184008821935,-0.30064815573831494
1.898625,0.0529653203037266,-0.0416033043685982
1.89875,0.18719414717204716,0.22997505166545715
1.898875,-0.026114334697473318,0.16015396953397337
1.899,-0.17204917169792933,-0.18239659007839634
1.899125,-0.2999714383731169,-0.3794875896281888
1.89925,-0.39227654759957203,0.26084108254066807
1.899375,-0.07676748927451199,0.331538615381657
1.8995,0.031216580602189067,0.07533486353569073
1.899625,0.19454866963325074,-0.18951580996859987
1.89975,-0.11156807344368345,-0.12345654589741883
1.899875,-0.33725926874392453,-0.1702926920709893
1.9,0.026875815318890526,0.02116938039373712
1.900125,0.4230516533247575,0.34625740907050406
1.90025,0.31133446393368364,0.03103394853357651
1.900375,-0.14842620255429245,-0.5896075551697784
1.9005,0.01131870634252967,-0.46540510041492367
1.900625,-0.13779407535782004,0.025363369803031183
1.90075,0.030053519654494917,0.14896248778547916
1.900875,0.3372959844902334,0.0541111450545047
1.901,0.2037084977179377,-0.09433657660005289
1.901125,0.0916463621783414,-0.3161552863613401
1.90125,-0.031237829916852703,-0.2758829868481306
1.901375,0.33060381744115536,-0.1787981280797906
1.9015,0.35756716617136847,0.17507682906981611
1.901625,0.0604181189034412,0.20621832302506576
1.90175,-0.2628140205175811,-0.2990440995070777
1.901875,-0.12169202477180578,-0.27277931287447665
1.902,0.05751587890320325,-0.08424981586982072
1.902125,0.06558493204298041,0.30675055709241844
1.90225,0.36358232358885656,0.2683771863588939
1.902375,0.32328541901315805,0.10032604641317881
1.9025,-0.11667118234780274,-0.027009171366782197
1.902625,-0.4682988706312497,-0.014566724782672588
1.90275,0.07712369829575895,-0.07650675084662126
1.902875,0.6465745593524019,0.3465916792640694
1.903,0.5159376950554287,0.2860298902696433
1.903125,0.016379443322073157,-0.028948534520868433
1.90325,-0.13967266729837244,0.07470702566491132
1.903375,-0.16406172762815321,0.12501508432633288
1.9035,0.2942433658114033,0.3174699553037373
1.903625,0.3855860145462343,-0.04643353058938945
1.90375,0.26163344451507997,-0.15906335892751514
1.903875,-0.0975725864901413,0.14976595844295026
1.904,-0.3483916307081729,0.19058386437997404
1.904125,0.16093859602991764,0.16173122586795777
1.90425,0.2752050428231508,0.3721962987793444
1.904375,0.1450664259660525,0.24180569048985687
1.9045,-0.1711336562193774,-0.31920017382236365
1.904625,-0.2812640983574382,-0.4835132437773569
1.90475,0.07439078571461612,0.054638205048029
1.904875,-0.06437474790941748,0.6386407284763297
1.905,-0.1700327645843777,0.26408222288005256
1.905125,0.03789142574914998,-0.086922873844448
1.90525,-0.2699137231908693,-0.17933055884364013
1.905375,-0.3792349758788607,-0.15751662060223479
1.9055,-0.02742955434308751,0.0811200276863937
1.905625,0.4934687689333982,0.18955430298447795
1.90575,0.28222483726642233,0.27086865147285893
1.905875,-0.323462346490582,-0.147801213234482
1.906,-0.35146480049375617,-0.1419937447931215
1.906125,-0.1479914377542051,0.043311372482052184
1.90625,-0.0691300817658711,0.2869116965061427
1.906375,-0.026325972102418688,0.13390748282414439
1.9065,0.17304668254151534,-0.23837824702768817
1.906625,-0.16196054877224034,-0.16821770631789432
1.90675,-0.17749910808714892,0.06295298435167428
1.906875,-0.15936108474570929,0.027884058245145983
1.907,0.26300724862315644,-0.09820492939599501
1.907125,0.0950084565452105,-0.08204946514664149
1.90725,-0.38535360459566614,-0.2948433386011651
1.907375,-0.35868130212629484,-0.21368558750986244
1.9075,-0.05909381094714871,0.10465603530991988
1.907625,0.04016537921638807,0.3914436413391232
1.90775,0.05248365024978647,0.23535398318030434
1.907875,0.1390001698338489,-0.30433449216882924
1.908,-0.30886322108322634,-0.38061682329830826
1.908125,-0.5840891383972214,-0.10484983731936003
1.90825,-0.2591731040454714,-0.11821780010044909
1.908375,0.3706815574413425,0.018131028960773104
1.9085,0.5299408327068575,0.1790412729912014
1.908625,0.0889149936851266,-0.08599330253897812
1.90875,-0.15823974664933882,-0.41299414214373187
1.908875,0.1748408263455423,-0.168329691608394
1.909,0.1905611032776451,0.21297545678255556
1.909125,0.03376804935514093,0.08034298747553797
1.90925,0.15163376463723915,-0.36897374038748
1.909375,0.10397219004384507,-0.30861362852551455
1.9095,-0.10671573444435324,-0.25639902506686346
1.909625,0.22974936718636704,0.008889815897457964
1.90975,0.3467403073869678,-0.014171149263025137
1.909875,0.38150122877735665,-0.04912442112434857
1.91,-0.12063568979614904,-0.24468475628740194
1.910125,-0.2845028919689886,-0.34426754503856505
1.91025,0.06927943771681443,-0.11363577146773841
1.910375,0.2524470814124068,0.3511255540137485
1.9105,0.13990429043638689,0.25954763771957245
1.910625,-0.03399666602047811,0.019660419501697907
1.91075,-0.1604125872783567,-0.0079018334540848
1.910875,-0.3085393800109116,0.19409172591458068
1.911,-0.1702740630188886,0.046303321213535246
1.911125,0.4295075271338207,0.08756607253048845
1.91125,0.31000253548135615,0.191438996240468
1.911375,0.035928642679977724,0.05324933626128383
1.9115,-0.6276073545002747,-0.10329558976858752
1.911625,-0.1542522266548731,0.12321940093415361
1.91175,0.38300523652793483,0.33673663159714196
1.911875,0.10071467972972473,0.33589507109008376
1.912,0.051382221220709824,-0.09992176073965307
1.912125,-0.1885910769815987,-0.3554571088302962
1.91225,-0.38981282441726856,0.09365441378232504
1.912375,-0.3104835288975122,0.3486694309476567
1.9125,0.22636399829666667,0.26014511794375605
1.912625,0.42826110840215104,0.09883095119382702
1.91275,-0.05543341558443549,-0.15997337364564654
1.912875,-0.39098767639815873,-0.1291409747007289
1.913,-0.10509808131048705,0.04445300010170446
1.913125,0.18812678234226543,0.3729586814195346
1.91325,0.1890666975764802,0.2919054940257793
1.913375,-0.10764847834352481,0.028537165715701678
1.9135,-0.14501193204358204,-0.4137954843635276
1.913625,-0.3910128568835999,-0.09547335427053574
1.91375,-0.4746118607694889,0.24669738220713378
1.913875,0.15675790173331966,0.11412487860543394
1.914,0.31395507595224803,0.13833643849983981
1.914125,0.05092184313348772,-0.11732950983973114
1.91425,-0.3921981476776324,-0.32484191483567904
1.914375,-0.07814190292316184,-0.24439333693572315
1.9145,0.092858182860957,0.18303595252960347
1.914625,0.16871578061214948,0.4204145139147285
1.91475,-0.022501585852824708,0.13481799319291768
1.914875,-0.14088449989851942,-0.31791741332116286
1.915,-0.33615961298113833,-0.19498388115928353
1.915125,-0.25269259810859923,0.19806955349540148
1.91525,-0.1222962271770973,0.3230323795098055
1.915375,0.17271227452365162,0.007347385105642622
1.9155,-0.4117753818027503,-0.24909530269735247
1.915625,-0.7505596756122915,-0.30549251015595585
1.91575,-0.44343218813275664,-0.29596661518451256
1.915875,-0.018608378930867323,0.14248324230591367
1.916,0.07010886130598264,0.3916607543122143
1.916125,-0.13776374290613405,0.13837149507222235
1.91625,-0.08706065826574128,-0.34662270268856726
1.916375,0.035251073744307436,-0.012679346965174568
1.9165,-0.07843369897381001,0.178751249742285
1.916625,0.068916858044696,0.2121569758916994
1.91675,0.15480595357884053,-0.1240217768656485
1.916875,0.09750266175076068,-0.032649716656840654
1.917,-0.16845757662686026,-0.18058277996013528
1.917125,-0.2970687104263748,-0.08888570187482668
1.91725,0.23458413228095265,-0.22496053252840778
1.917375,0.24378833991005228,0.13200499031450483
1.9175,-0.04623990839859395,-0.040721322594135016
1.917625,0.1803631903241284,-0.6195290516766434
1.91775,0.1866700891171082,-0.5040822266124672
1.917875,0.0955919550161085,0.04707600824687901
1.918,0.2639745901064579,-0.023239163449977885
1.918125,0.5207088007111953,-0.11927988650313665
1.91825,0.21380013625642838,-0.10038945430915358
1.918375,-0.10658904902618203,-0.13953997702372617
1.9185,-0.12379320161717816,-0.015568140360621386
1.918625,0.27711461325880604,0.054134299630121126
1.91875,0.4364528836332963,0.2069248882691533
1.918875,0.11900846335501179,0.1580798368374796
1.919,0.0023205340541184627,-0.24847163895150803
1.919125,-0.21662449566863207,-0.19833053333603579
1.91925,-0.07464804403960636,0.3531724643873442
1.919375,0.1900356913244088,0.29632840818180145
1.9195,0.44931396842221105,0.1435229419926598
1.919625,0.3972264818878821,0.0002536749357425399
1.91975,-0.0812525392493574,0.13247394019045686
1.919875,-0.31396788039981427,0.035505849757928504
1.92,0.017077876733016098,0.14485188540171268
1.920125,0.2455117848057548,0.457645521180188
1.92025,0.20412718481927183,0.07259738375969718
1.920375,0.1029212882440037,-0.07035304656977666
1.9205,0.09730886252094081,-0.06340434783623763
1.920625,-0.008785277150916312,0.1501825452262854
1.92075,-0.1758104560821596,0.31274695355730364
1.920875,0.20117220788290469,-0.010353649945016941
1.921,0.37922386748232084,0.08862108466161144
1.921125,-0.04253322623708433,-0.16329642267302602
1.92125,-0.09208296185217452,-0.19064446877986546
1.921375,-0.09376017886620402,-0.18369021412231182
1.9215,0.15344755964523044,0.263741787289058
1.921625,0.13109810415184786,0.39090289291571206
1.92175,0.0157333701972451,-0.22408165104324457
1.921875,-0.1548852206508983,-0.46254994811425537
1.922,-0.12860342755885693,0.07814446390531954
1.922125,-0.21670333215325266,0.36233853492457174
1.92225,0.1591524586106491,0.06469007390941829
1.922375,0.2656675969752098,-0.11498552669918288
1.9225,-0.2768839153666301,0.20639721329988509
1.922625,-0.40199420013648446,0.08084860021332695
1.92275,-0.18040850994376853,-0.20369791049206284
1.922875,0.29850178385463033,0.05815725380721421
1.923,-0.0007015530071039986,0.1706939298834461
1.923125,-0.25768183254264404,-0.038800072286716523
1.92325,-0.26576905958221203,-0.3757902871626125
1.923375,-0.17272693957614094,-0.1544742050193295
1.9235,-0.11589631761856337,0.08220852526427092
1.923625,0.021916911595688465,-0.10960233967630637
1.92375,0.092763216193613,0.03854361595903483
1.923875,-0.1778150705932571,-0.10180255505254412
1.924,-0.38711015880187266,-0.0924177886346521
1.924125,-0.3484320966306847,-0.038433277547891186
1.92425,0.18122283249277366,0.12234017460779699
1.924375,0.09394280407021637,0.19424434044011568
1.9245,-0.2940932024387469,-0.2606195832853364
1.924625,-0.1680492359620319,-0.32282388350858937
1.92475,-0.23011896302795798,0.02201543014094473
1.924875,-0.0030439552319584595,0.12490789795066408
1.925,0.057173632656118474,0.05977322867691779
1.925125,0.2468368193832638,-0.2037401601157197
1.92525,0.038101410886762145,-0.13516362929721393
1.925375,-0.1367275151617953,-0.27379141930153217
1.9255,0.04741103532588349,-0.10738417022249352
1.925625,0.46580859794675117,0.07160257072088931
1.92575,0.24830643916006162,0.057120386727862495
1.925875,-0.20731778224203543,-0.05333962951262373
1.926,-0.08423659145281182,-0.3498952332304472
1.926125,-0.039602131572594866,-0.30276264289378146
1.92625,0.14533212886742208,0.11156184520824614
1.926375,0.25295659922902497,0.05313738851323372
1.9265,0.459185513759868,-0.3412021163953635
1.926625,0.297322886114294,-0.15870216007608925
1.92675,-0.16644572636514285,-0.14154478800543102
1.926875,-0.01693851182966882,0.04109838972922412
1.927,0.44056243779220466,0.044239354511874975
1.927125,0.38382110808841624,0.22029623270559875
1.92725,-0.020884073104264246,0.14167326573285532
1.927375,-0.27402248175849564,-0.041993905377605306
1.9275,0.0061526790758052435,-0.06013705125573647
1.927625,0.09941113261867873,0.3703444908788659
1.92775,0.17729127512094828,0.3254360056624893
1.927875,0.09832226123900724,-0.07242648406980835
1.928,-0.12395771592493697,-0.0523692399281318
1.928125,-0.1613515905827991,0.15820448440738735
1.92825,-0.10159822831438452,0.011909064550996046
1.928375,0.4167330204526453,0.17839047694154594
1.9285,0.4917028434131535,0.21915376977027892
1.928625,-0.04653727573029887,0.10848833444059251
1.92875,-0.2801015657482545,-0.1290979389904463
1.928875,-0.055474985808866256,-0.1161527415085815
1.929,0.14074165330978233,0.26599531860251224
1.929125,0.14611388044264426,0.3004358280732794
1.92925,-0.0006627769763855256,-0.1405044965494295
1.929375,-0.25069862728267983,-0.2089359242109699
1.9295,-0.1512540588016656,0.017257658014953735
1.929625,-0.14939535240017904,0.1542591393222348
1.92975,0.3935770810702488,0.13031902835271494
1.929875,0.32874037588340554,0.18136610260093536
1.93,-0.06743906262847638,0.04313338447755421
1.930125,-0.3874702630222129,-0.38865003537560977
1.93025,-0.10228315856389,-0.11960820942690181
1.930375,0.21038829978527862,0.38713567704752844
1.9305,-0.14968071256754553,0.4034819679849591
1.930625,-0.21740561365813604,-0.01499147654042287
1.93075,-0.14453015307291248,-0.18979201856256453
1.930875,-0.20101148609229916,-0.09872427310214495
1.931,-0.1552378554268558,0.2466992657488448
1.931125,0.1901895091681575,0.18981902322056188
1.93125,0.46716319346471863,0.02048985483392277
1.931375,-0.18368158370016147,-0.1294750373485958
1.9315,-0.21618202277135246,-0.27312112314628006
1.931625,-0.1311594864444976,-0.21985831813292755
1.93175,0.1139458353797471,0.18669176482699457
1.931875,-0.051844441483767004,0.35158145185929157
1.932,-0.0956811323078421,-0.2657206465526353
1.932125,-0.11623271283205025,-0.15704327705641882
1.93225,-0.5705298616404377,-0.055608901065884044
1.932375,-0.6653926926860453,0.026479772820751087
1.9325,-0.21786525738556103,-0.0925785693603051
1.932625,0.2782169835740189,-0.11402812348908818
1.93275,0.061617003751537766,-0.19144551713676047
1.932875,-0.23466947875158517,-0.0880318764794469
1.933,-0.32004099222939925,-0.12999614910300533
1.933125,-0.005863150228675805,0.2303995173307161
1.93325,0.046996832852239906,0.10100208894308427
1.933375,0.19301916219981072,-0.07663297291670707
1.9335,0.13345422659629613,-0.14994184185684925
1.933625,0.004191513974947097,-0.1257481388502455
1.93375,0.031081935073422752,0.16089078542900123
1.933875,0.34201571467696795,-0.1179672786873402
1.934,0.518711353638879,-0.25615180585888425
1.934125,0.1647660999301709,-0.1371517276165335
1.93425,-0.23394474573158558,-0.3606089590026118
1.934375,-0.05760968079647158,-0.4866459382548092
1.9345,0.24988739639326354,-0.24848173155471043
1.934625,0.4197755900956961,0.13332294865664968
1.93475,0.43537872559074253,0.15100823780596226
1.934875,0.26570128659035014,-0.3495676246068079
1.935,0.005385876138619345,-0.16116251465349243
1.935125,-0.06928557518531361,-0.03437856281329852
1.93525,0.2417624287532916,0.1565297377870904
1.935375,0.3963686668635902,0.11930829503822761
1.9355,0.218529267362294,0.07053299290866565
1.935625,-0.13674736509556992,0.14765305577802518
1.93575,-0.11068921889912954,0.017435380295685105
1.935875,0.19086308010457895,0.3379662522241045
1.936,0.09919772484926745,0.4851652626593614
1.936125,-0.0725096340581066,0.18322913025041201
1.93625,-0.11194316068230784,-0.4203041360540859
1.936375,-0.03807442982180958,-0.07593437832022457
1.9365,-0.002368923392148853,0.1928603649490905
1.936625,0.21977273480651574,0.19640658459672303
1.93675,0.0924346929492901,0.34215457760582463
1.936875,0.07355656316171594,0.09492169904180534
1.937,-0.32185366932694676,-0.14956779525452257
1.937125,-0.3049236255256912,-0.14593239122970803
1.93725,0.11896513341357172,0.04814158671028575
1.937375,0.3087326108922262,0.3034260069877775
1.9375,0.16402024931995077,0.09999308759653397
1.937625,-0.08310567088955073,-0.3101406913363454
1.93775,-0.23079236005040332,-0.20442805633994127
1.937875,-0.3039719421918021,0.20948132205780765
1.938,-0.10690434278755916,0.2286509683825914
1.938125,0.2689592860890122,-0.04280147005841533
1.93825,0.20850410723008575,0.00776071758149632
1.938375,-0.21343173633216786,0.06260829087201546
1.9385,-0.24039774992169768,0.01260313557808477
1.938625,-0.03430913813790383,0.1088645478753214
1.93875,0.17720140116378766,0.3576074686388178
1.938875,0.07715723938938569,0.07580657364158251
1.939,-0.1784322756857939,-0.28532759631321325
1.939125,-0.17664633766875806,-0.1457888625067357
1.93925,-0.3341477963383715,0.018911095069875188
1.939375,-0.05322068798400544,0.1954512072413309
1.9395,0.19404756227592962,0.10374760291891365
1.939625,-0.014760520156883122,-0.01467926043777547
1.93975,-0.46460984435164965,-0.005804621778879219
1.939875,-0.4969632582378492,-0.05915454483972741
1.94,-0.08017158601192913,-0.02474050314765111
1.940125,0.21068829205814638,0.3344008539503756
1.94025,-0.055729928309319283,0.20580791610234925
1.940375,-0.20358809490652705,-0.17098651871949486
1.9405,-0.06584231134862435,-0.3219699223180627
1.940625,-0.3225564254832245,0.0536627156109103
1.94075,-0.24666906343711378,0.18270566104468616
1.940875,-0.17603824347508978,0.05139582371856597
1.941,-0.0614515095533889,-0.04760791877430844
1.941125,-0.30815202718618406,-0.20652938888377778
1.94125,-0.3473851327503392,-0.12320169451896659
1.941375,-0.17597742638974848,-0.17221041195747025
1.9415,0.30269497336133155,0.17963080698840522
1.941625,0.13024555389286616,0.10415631146785173
1.94175,-0.14453721321491603,-0.3970936732184899
1.941875,-0.05629398781272682,-0.5148644376687345
1.942,-0.08185555742387175,-0.05846425105583998
1.942125,-0.16685084947018713,0.17851402122974314
1.94225,0.36154605434998943,-0.11013475638403872
1.942375,0.4229690031289,-0.16991693331449229
1.9425,0.09601558485672257,-0.1488233208615318
1.942625,-0.12807228731566986,-0.08926132915112982
1.94275,0.1584101904371632,-0.24429847729382723
1.942875,0.3540697542850484,-0.04811514989667295
1.943,0.2725352186369992,-0.03313595652799795
1.943125,-0.029939949553237685,-0.16943935722353792
1.94325,0.057163577164109865,-0.36131846092995185
1.943375,0.2612373468149557,0.09730191686433859
1.9435,0.19154921498596958,0.40026043472484174
1.943625,0.25585510058116445,0.1093485351096721
1.94375,0.3868141414921645,-0.14182678813601224
1.943875,-0.08022670217641735,-0.09447609001675325
1.944,-0.19906020407799294,-0.05318253893410128
1.944125,-0.041837179733489695,-0.057967841750630446
1.94425,0.08299853461058553,0.11064610258713102
1.944375,-0.011958784342511892,0.18863998864865902
1.9445,-0.19897895639082716,0.10878539879450976
1.944625,-0.0983838948955193,0.06522468376027603
1.94475,-0.09187865678178338,0.2042751963023283
1.944875,0.2180838453088069,0.3974162016185249
1.945,0.26350658928864223,0.4035069804427668
1.945125,0.19659189627290985,0.059271118612083326
1.94525,0.26048046160989896,0.04872151877752311
1.945375,-0.14085766897040974,0.15068073696033715
1.9455,-0.0007944934480434504,0.24084386833333046
1.945625,0.3382545841098895,0.15946288586225266
1.94575,0.03915995308633413,0.31145679845927376
1.945875,-0.0560954759321409,0.015496799253653866
1.946,-0.14211380486668845,-0.2467495116637827
1.946125,-0.1217931324651966,-0.017210248453494444
1.94625,-0.044706632975706304,0.1463483464478109
1.946375,0.2589788541914736,-0.041415428026713025
1.9465,0.5736593403996931,-0.10498654112094359
1.946625,0.017450545910433685,-0.18757073362476898
1.94675,-0.1950941340632823,-0.15538461632024134
1.946875,-0.13419056647082483,-0.02443344613956782
1.947,0.31668004046386594,0.06848270886690098
1.947125,0.35398518901578124,0.22003905001215548
1.94725,-0.20006082887916024,0.05685881407280163
1.947375,-0.47614005057473424,-0.3053802428577966
1.9475,-0.016695046269537515,-0.03403642864871986
1.947625,0.08423416590728268,0.22429494539367476
1.94775,0.3897937559804695,0.1204049957279378
1.947875,0.10915988464323859,-0.15544977221668596
1.948,-0.06443795298338205,-0.2291470765044069
1.948125,-0.3189839301716673,-0.14874193918819903
1.94825,-0.13777972296310995,0.07971485402039971
1.948375,-0.03394192419233213,-0.03243062190226455
1.9485,0.08514550972217363,0.3062255290260664
1.948625,-0.34992184653803116,0.13445325020867546
1.94875,-0.49990326011339004,-0.20361354172456478
1.948875,-0.15102885669891997,-0.09040050027215575
1.949,-0.06199440079187592,0.3141266043435851
1.949125,-0.2054672832148751,0.2753144120595508
1.94925,-0.18383227441655867,-0.19132110775442276
1.949375,-0.12242384333447091,-0.24881672250511766
1.9495,-0.34100623343164815,-0.1539417397650185
1.949625,-0.3708822669832073,0.21619489349955545
1.94975,0.16044807955600834,0.08119610712932901
1.949875,0.11378705439111117,0.055106770560472994
1.95,-0.020289642992669495,-0.12719067655139496
1.950125,-0.3013142044090639,-0.31550403826143575
1.95025,-0.013694976713215744,-0.40152202863938236
1.950375,0.2816233011563137,0.0631304859777985
1.9505,0.16338402147485526,0.011487674073896888
1.950625,0.14119226258221282,-0.35577091318037574
1.95075,0.3321267771506121,-0.505774335227111
1.950875,-0.04983902607406072,-0.2304303359984711
1.951,0.040695139564612036,0.022997593707950337
1.951125,0.27273893023046697,-0.01742315341978566
1.95125,0.4510945072850828,0.11117344896660018
1.951375,0.09932608330933752,-0.07185144483942826
1.9515,-0.0909246092162768,-0.2898273567615712
1.951625,0.07572040066856321,-0.10533574454308053
1.95175,0.3421642002861609,0.019437924081711775
1.951875,0.21818450322175156,0.0852103075448239
1.952,0.1660753775589095,0.005858433189418878
1.952125,0.008627780760481504,-0.1814735699231528
1.95225,-0.326267604407962,0.04909338718509511
1.952375,-0.27958854440014524,0.1786799743697645
1.9525,0.12132632822810137,0.1445101193366436
1.952625,0.4829976306186275,0.22274625979709742
1.95275,0.02864496097446943,0.20978531893139593
1.952875,-0.2578082490185905,-0.0865724979417122
1.953,-0.06421676927154815,-0.03815117212644077
1.953125,0.1592395993990947,0.44426554602386364
1.95325,-0.031862467874714605,0.44279252714168527
1.953375,0.005309521321799084,0.1484303462471157
1.9535,0.10991880348642774,-0.08854440538170302
1.953625,-0.1609389683663738,0.1121493438313726
1.95375,-0.015690275489470246,0.20767124586964103
1.953875,0.0361737006558016,0.0530824512570651
1.954,0.23949935037266237,0.19819944630307124
1.954125,0.22593564573339783,-0.06458371920563342
1.95425,-0.29314498911930004,-0.14267603356752379
1.954375,0.05563226000846224,-0.3632938828009268
1.9545,0.2613535087024444,0.06371145472466483
1.954625,0.36167923279235464,0.3307670266449547
1.95475,0.07858489432812775,0.05238606087119969
1.954875,-0.09005486712456161,-0.0688797976780066
1.955,-0.13175498930505505,-0.10740661914073961
1.955125,-0.04265505528738554,0.16391566479505149
1.95525,-0.18022224886243138,0.044238913408485556
1.955375,0.14435073825475223,0.11086857792867771
1.9555,0.07088283799880596,0.01857654970331196
1.955625,-0.4980476732526389,-0.1685141390181721
1.95575,-0.2958041209777112,-0.16974483062465787
1.955875,0.16940970327003935,0.08274003217233375
1.956,0.11232209107724951,0.3369827731832684
1.956125,-0.07484911561150001,-0.03222286742452609
1.95625,0.0019290230969204302,-0.1643685019733446
1.956375,-0.14555945916459026,-0.2044627894671485
1.9565,-0.20344181684320584,0.2123871627641598
1.956625,-0.2133522493581063,0.3910303136189751
1.95675,0.15084016743751805,0.13898207849000008
1.956875,-0.1016654493588168,-0.02850993755469718
1.957,-0.42644567169458025,-0.1619353690767892
1.957125,-0.3532402447054676,0.033687396163115724
1.95725,0.05454607048666335,0.00786245050202734
1.957375,0.14770646957256572,0.1123859380875218
1.9575,-0.21000488268346076,-0.03178047237602304
1.957625,-0.3371760987065169,-0.24827321208370853
1.95775,-0.32657926715632163,-0.08228718111291398
1.957875,-0.3032220908015519,0.17279505558747763
1.958,-0.35912616128194963,0.13012550602337816
1.958125,0.05643639025969617,0.024118809913877926
1.95825,0.015476095104780483,-0.11763444838345935
1.958375,-0.06972525601928355,-0.051928763097322646
1.9585,0.001409458462495701,-0.1913991125645879
1.958625,0.26112529327994316,-0.1815098558488873
1.95875,0.4355071064007324,0.031536086396938084
1.958875,0.11149853519336791,-0.2758735234701714
1.959,0.11595285873269512,-0.3658581962214376
1.959125,-0.007270761989461298,-0.32981929643025004
1.95925,-0.08349608026344083,0.12785295703549415
1.959375,0.11802839707568465,0.021645443349226117
1.9595,0.41804779917533713,-0.2737224691072123
1.959625,0.42893188498593704,-0.22694464101533307
1.95975,0.1576982285807644,-0.27614488064680576
1.959875,0.13628751329246788,-0.3216044620769779
1.96,0.3140584178869804,-0.033918811041310316
1.960125,0.4374760643755895,0.042850589850069475
1.96025,0.1956330978658356,0.2015390722159164
1.960375,-0.004330566268027872,-0.10488182064730292
1.9605,-0.21012189439333334,-0.08636706805617131
1.960625,0.026856952715111647,0.1383914896952802
1.96075,-0.0456042541120992,0.292095493719335
1.960875,-0.009751262649760525,0.240685737329075
1.961,0.14750193103155743,0.0622730990618196
1.961125,-0.18961619762331186,0.05031487640450913
1.96125,-0.22185299413075876,0.10448142478418308
1.961375,-0.004772418818595758,-0.03265689241460061
1.9615,0.1786959912311686,0.3769219739868955
1.961625,0.10647970041288339,0.4429111830341076
1.96175,0.14847055256252106,0.2788733492749017
1.961875,0.14001976856988813,0.023472092372333563
1.962,0.21155300657225265,0.32807130152686204
1.962125,0.056055509417670395,0.44685438301281455
1.96225,0.15808102586302641,0.13929638812521045
1.962375,0.026397230663829912,0.009578128427364255
1.9625,-0.20646832539707205,-0.09490265760766864
1.962625,-0.4998311789507775,-0.021755450954251725
1.96275,-0.022873411034200278,-0.14055761421153928
1.962875,0.11703278523739966,0.025622376118844985
1.963,0.16447481955641527,0.10916440223732142
1.963125,0.1148754221784598,-0.22527240280810729
1.96325,-0.13484865919076894,-0.2704128222717055
1.963375,0.039719901002382374,0.035917549871614385
1.9635,0.04938684844008137,0.27684344685375906
1.963625,0.17715185684141505,0.13085555310928543
1.96375,0.06605326534906973,0.0929111266012831
1.963875,0.08120527840998777,0.032188158493427314
1.964,-0.2308501237491047,0.045361729610594655
1.964125,-0.11031642725519097,0.00682525728938347
1.96425,0.32574127450604634,0.007262414561710918
1.964375,0.25350700783025026,0.07635906351680641
1.9645,-0.09856890379225848,-0.27755395469823063
1.964625,-0.4928829336662881,-0.37250171777262725
1.96475,-0.1533023883826388,-0.042615480603413865
1.964875,-0.4534919138464471,0.26586877227828587
1.965,-0.16010447962144925,0.15772444912687095
1.965125,0.08846439758561764,-0.06516680446493565
1.96525,-0.12415438744011327,-0.09215733715165796
1.965375,-0.5823324194107089,-0.1156999612250687
1.9655,-0.3484655361321484,-0.04849284348081381
1.965625,0.10116765107658166,0.23951453174542472
1.96575,-0.02122297888993875,0.2798565476879603
1.965875,-0.13215974961529497,0.02149087709768496
1.966,-0.20466296968369568,-0.24019523345316757
1.966125,-0.18043573356268086,-0.27045711055860266
1.96625,0.04472797029257692,0.24720743031493927
1.966375,0.1961423220678612,0.10192683623146062
1.9665,0.09930562644950168,-0.03211165669941579
1.966625,0.03407834663614647,-0.1325702008091928
1.96675,-0.37797505378506735,-0.16467573844616987
1.966875,-0.22105701943127276,-0.2858165935426391
1.967,0.21749769654374418,-0.08678103663665192
1.967125,0.3984184565879607,0.01764120567032862
1.96725,0.20469862611188033,-0.1788117426348985
1.967375,0.09212732886150928,-0.5097700497701577
1.9675,0.2579838490226071,-0.30769362249811644
1.967625,0.4290279940878501,0.11643749678238154
1.96775,0.1234150484206514,0.15518614588267454
1.967875,0.13543254007040653,-0.1718549651461262
1.968,0.131649655130414,-0.14924318945436257
1.968125,-0.13670939337672777,-0.11759824406664075
1.96825,0.023788627111594598,0.06030354534050395
1.968375,0.5953562191948685,0.05832214281635147
1.9685,0.343600606622657,0.17045256022800823
1.968625,0.04731105979436475,0.09769396369387498
1.96875,-0.2406943598781836,-0.3145201543600793
1.968875,-0.225627097602868,-0.2051689739116027
1.969,0.12231377959604037,0.24072837476565906
1.969125,0.12934666184546761,0.30681968099669493
1.96925,0.24542117614049627,0.07233404656827695
1.969375,-0.06926884519596353,0.29292157011412284
1.9695,-0.28734282475598405,0.3224180977908741
1.969625,-0.13608125264566764,0.27289018116648334
1.96975,0.15085156834208682,0.2664712284995489
1.969875,0.16373846831859779,0.14865522449134597
1.97,0.10333717430967837,0.12194820324508455
1.970125,-0.23434723113731173,-0.14737439312140055
1.97025,-0.04512176745535151,-0.08170024134407866
1.970375,0.14778660772293709,0.3689572780949967
1.9705,-0.02998188456574668,0.3403835615959357
1.970625,-0.04107948910012061,0.00040855099295450636
1.97075,-0.16432193395022812,-0.0821818245590254
1.970875,-0.23395165589739514,0.010750040190951793
1.971,-0.3690246622575499,0.23129194066668265
1.971125,0.05005779720636481,0.22757835435864873
1.97125,0.2066427427377985,0.14461850227877393
1.971375,0.010022294250953497,-0.06498777743668595
1.9715,-0.2600025926146673,-0.17244062349473116
1.971625,0.16402288789425132,-0.19342543762813827
1.97175,0.33621673028969673,0.22004313874546313
1.971875,0.1831286817569066,0.19108704840061902
1.972,-0.004737511238126973,-0.02560611228796075
1.972125,-0.2588930216170828,-0.14070709854566607
1.97225,-0.5066225323473277,-0.1331344099708177
1.972375,-0.3167922224937469,0.10650607888788768
1.9725,0.14417446816244275,0.014997232057507826
1.972625,0.381840253453581,0.11594387317697886
1.97275,0.03580521965641483,-0.01695864275658004
1.972875,-0.16876852685632848,-0.3012706503683626
1.973,-0.23411044678553505,-0.16430153723694657
1.973125,0.16827409796943105,0.11317198954890006
1.97325,-0.09749162216695648,0.04480211939124664
1.973375,0.08579969353928439,-0.2545156521520899
1.9735,-0.16165863483790063,-0.20982138584861904
1.973625,-0.20376308935938395,-0.07245332628849825
1.97375,-0.23068122806374053,0.29079656597045533
1.973875,0.07052259679920128,0.11132553872446418
1.974,0.18721540367803965,-0.02060125299722885
1.974125,-0.02418901418925929,-0.21461349265080332
1.97425,-0.17997156554612828,-0.3296223519125943
1.974375,-0.20678010338774258,-0.24660535486721943
1.9745,0.03577378237662339,0.211105920203521
1.974625,-0.17801617868658384,0.3615081875054006
1.97475,-0.11588576873093265,0.011294449936746616
1.974875,-0.16328953035554508,-0.2240945374973484
1.975,-0.28902229596765117,-0.13476092980463544
1.975125,-0.22608583673598184,0.04311129784949572
1.97525,0.07229722721520318,0.03558786055410731
1.975375,0.31847750385673085,-0.045095362440196976
1.9755,-0.0565121890395842,-0.11778847806451784
1.975625,-0.3517000303831944,-0.1865634845383093
1.97575,-0.006137479292967583,-0.3304169614351813
1.975875,0.43635248234835994,-0.04293322818347389
1.976,0.34759148398416523,0.2401791036222728
1.976125,-0.1042285124498586,-0.0025860246800965218
1.97625,0.0587513860831263,-0.2875467339515279
1.976375,-0.1291686849245494,-0.31876484351662576
1.9765,0.0009426485217153563,-0.12373046752330567
1.976625,0.3276604738720422,-0.17092352335845049
1.97675,0.535827302838059,-0.10423077369099087
1.976875,0.376649498849719,-0.08854151300118089
1.977,-0.09665127197998749,-0.12327176830560253
1.977125,-0.09630679945371672,-0.06403870348456157
1.97725,0.22041205033782021,0.19542905233559035
1.977375,0.42499459604554607,0.36135619970047383
1.9775,-0.09207797396080462,-0.08351055604071711
1.977625,-0.27145365232045093,-0.27222926446596873
1.97775,-0.12192946969810209,-0.16516743516880406
1.977875,-0.1643771434035928,0.34360936160404165
1.978,0.031165223443954747,0.4201236272936466
1.978125,0.31001370955304935,0.21802366503928433
1.97825,0.24238960971361795,0.0560085622355131
1.978375,-0.409394780529937,0.05680609331412153
1.9785,-0.24410286859595257,-0.03472635311148895
1.978625,0.33268823889264965,0.07056689532605191
1.97875,0.1831832531540139,0.5786900221593969
1.978875,-0.02602394823467082,0.2984575151957967
1.979,-0.1348676983174516,-0.037182599875715275
1.979125,-0.07681627131383972,-0.22208787662596138
1.97925,-0.1800358752124701,0.4068520011768325
1.979375,-0.2302568165218143,0.23035218597596163
1.9795,0.24483127980515604,-0.03335866147965109
1.979625,0.19067007416340861,-0.10682153403447177
1.97975,-0.16963795038864496,-0.15576201094520073
1.979875,-0.2366745995187891,-0.18765600924160858
1.98,0.07824973673190178,-0.08537923789594451
1.980125,0.22722269127995454,0.22598433788389735
1.98025,-0.12002749441542024,0.061507252685845136
1.980375,-0.14445759277720668,-0.09784953184920883
1.9805,-0.032203782643149034,-0.061339215752024084
1.980625,-0.10225203110653358,0.17210407096100688
1.98075,0.10643505949231227,0.3243236758408425
1.980875,0.216649974135849,0.04823312783343101
1.981,0.27798741301114,-0.0239525922264221
1.981125,-0.29321282931227666,-0.0022102020524137505
1.98125,-0.27674023502132894,-0.12124814667112363
1.981375,0.09904139736256182,-0.12425121705377222
1.9815,0.1974552679689809,0.17274629570862057
1.981625,-0.06949523929479046,0.10553991500069358
1.98175,-0.17004384277066442,0.06346242995070313
1.981875,-0.26524223589375195,-0.18088930807318254
1.982,-0.10307653726782619,-0.01522120680417236
1.982125,-0.05424299856370816,0.038459370733368005
1.98225,-0.021543414242639877,0.07371896606961664
1.982375,0.09855800794753766,-0.03800268903484994
1.9825,-0.33432216638960494,-0.07329587339961156
1.982625,-0.5935754881691163,-0.0669378699083424
1.98275,-0.22185248408700775,0.03223104946145038
1.982875,0.3889605104876921,0.33745817373774384
1.983,0.18785499575040954,0.03537684791179511
1.983125,-0.10880013916680664,-0.2562501865853928
1.98325,-0.0925799368426418,-0.3635532060820071
1.983375,0.013035971832801335,-0.08551544056123035
1.9835,-0.010740296684333536,0.039650232883658626
1.983625,0.24121195108164195,-0.21200584137669054
1.98375,0.47086404379207314,-0.3765609855424639
1.983875,0.03237548201561821,-0.2845567918785749
1.984,-0.10791498848438698,-0.20488103771966318
1.984125,0.07318385014921565,-0.07460675344655218
1.98425,0.5596162336227118,-0.0880004341897338
1.984375,0.310526251538685,0.16650729044381415
1.9845,-0.07539766529682668,-0.3476327447454538
1.984625,-0.030431443918819166,-0.5158016247443578
1.98475,0.13479126268159827,-0.289043035431202
1.984875,0.14447231547455858,0.2573820843055147
1.985,0.2807510036558451,0.08268410664908235
1.985125,0.1710632162479282,-0.0746279884369305
1.98525,0.0498950454422891,-0.2653796366351685
1.985375,-0.22074685811455486,-0.014380977636765858
1.9855,-0.0710155766813728,0.06507299032691471
1.985625,0.3858653085591029,0.31932032930432724
1.98575,0.269569234504969,0.30670130297719167
1.985875,-0.29032027706124935,-0.018848746369777115
1.986,-0.5670145533718481,-0.25594425554194106
1.986125,0.024021157364378484,-0.015553356351082712
1.98625,0.18209732727113748,0.4359669326013477
1.986375,0.27915847485035106,0.30721484941863325
1.9865,0.2833788295310124,0.0772510178948158
1.986625,-0.01549694918916899,-0.1801742948269799
1.98675,-0.3934948080120684,0.025984285000065624
1.986875,-0.17598548481619042,0.21138546235795963
1.987,0.08618000364035083,0.2923398351734418
1.987125,0.14694534804771933,0.07484160651849259
1.98725,-0.11404914781168579,0.0499696924106695
1.987375,-0.17236325311344153,-0.0647210885307417
1.9875,0.08483598049543332,0.03492968221509818
1.987625,0.0191187980300975,0.5017855176397588
1.98775,0.0061600923240826624,0.2349043811136661
1.987875,0.1426249186989564,-0.20873059780867392
1.988,0.12411088610034626,-0.2742436708305333
1.988125,-0.2992788644016496,-0.06695998666324558
1.98825,-0.14740592406489517,0.17135138772241654
1.988375,0.24943773988731202,0.16689120371647928
1.9885,0.0978598235672445,0.22509638181474198
1.988625,0.039386039245242,-0.018925724463074715
1.98875,-0.2192408944188447,-0.199053115482231
1.988875,0.035159737197057006,-0.027909461842583888
1.989,0.04601590335714349,0.11902790474108033
1.989125,0.021645403910140346,0.008877801403405076
1.98925,0.01755165967511495,-0.1818384192678143
1.989375,0.04119156743583581,0.04254339083576597
1.9895,-0.2972241882783305,-0.07398821570011276
1.989625,-0.4155614312001917,-0.0013294695875300728
1.98975,0.10465365233617013,0.011571977959619553
1.989875,0.3962783627048982,0.17833566268376175
1.99,-0.19477055626655082,-0.027795005922889353
1.990125,-0.6216858593003176,-0.19445405885834313
1.99025,-0.5707118212606678,-0.18293228191410835
1.990375,-0.19505777475427585,-0.00043509043077887206
1.9905,-0.005540842612665288,0.18225121625024324
1.990625,0.016997941757027037,-0.1171409779062423
1.99075,-0.2114567881250044,-0.056646795219129825
1.990875,-0.4051830531968651,0.08395674189061614
1.991,-0.4764698055347769,0.1383628116168345
1.991125,0.08635513407307753,0.02234045121247966
1.99125,0.45698582496418927,0.033467150864509035
1.991375,0.11919573335363061,0.049342876775846034
1.9915,-0.036613603498224144,-0.3588918030801336
1.991625,-0.05916435487180215,-0.3145245049144536
1.99175,-0.009155978581465912,0.08222695839840795
1.991875,-0.06563189061917922,0.30080143049443336
1.992,0.07849156132651518,-0.11722212311814462
1.992125,-0.020505757260614696,-0.40704785116799796
1.99225,-0.10497527522912907,-0.32738289135324905
1.992375,-0.08290554442861947,-0.1905038724450778
1.9925,0.3221325698700501,-0.1727935803912588
1.992625,0.48944507102029255,-0.1281707288483771
1.99275,0.1663121909837802,-0.14420276298735743
1.992875,-0.2956165584346304,-0.50171466541426
1.993,-0.20216277102272232,-0.38258705305601737
1.993125,0.2383011036955766,0.101930081614631
1.99325,0.42950879560511723,0.2959035389624514
1.993375,0.36217693411359625,0.08597063567603301
1.9935,-0.00450746293578892,-0.2929484236444363
1.993625,-0.0709532295415698,0.07871684538351906
1.99375,-0.21138426680923636,0.1995987535338181
1.993875,0.15488639641003205,0.1396346192652491
1.994,0.7305483913610257,-0.01788049089556691
1.994125,0.11640170082343786,0.06015144732678741
1.99425,-0.6314499703875442,-0.1219147483959653
1.994375,-0.45288835895763546,-0.0316988888135809
1.9945,0.2878753594360111,0.2029819266701775
1.994625,0.3504875934169939,0.45006022734625406
1.99475,0.22568572084132144,-0.008642770968885063
1.994875,-0.013799503110997051,-0.26419338983411517
1.995,-0.25652457469213835,-0.09848242853214982
1.995125,-0.3019542606388775,0.16262544835579237
1.99525,0.17514305103630962,0.3775845628271548
1.995375,0.4172035698566061,0.3946914946631337
1.9955,0.10288916596418932,0.11893982937670447
1.995625,-0.28951622123606763,-0.3135276668502449
1.99575,-0.1810937691467795,-0.1911867115470293
1.995875,0.15211849895941584,0.1791115594756476
1.996,0.19338085696782625,0.5571091285615842
1.996125,-0.015572294841355113,0.03095933943443919
1.99625,-0.0890247937186404,-0.560591324707149
1.996375,-0.3263800362090862,-0.5209419404950233
1.9965,-0.1630753101132772,0.22190357383684509
1.996625,-0.049951333401584946,0.38397012276286246
1.99675,0.5677334427996142,-0.0031097829843167615
1.996875,0.2537013040129175,0.0639866471956817
1.997,-0.4307255199958651,-0.16518917514739456
1.997125,-0.45635764809480733,-0.27404728572248727
1.99725,0.11022169750693542,0.10047642102894895
1.997375,0.25568395972717245,0.35165588145688337
1.9975,0.13364380068194862,0.23479371818598865
1.997625,-0.012566015768987537,-0.36177883540894784
1.99775,-0.1706154657445836,-0.3458098854810646
1.997875,-0.2977323618502354,0.024411532024455295
1.998,-0.030482327644230596,0.10691217715361352
1.998125,0.07574191136565599,-0.10662978523006333
1.99825,-0.06818297873217975,-0.1520504556096839
1.998375,-0.527914380168145,-0.15827415889003035
1.9985,-0.3099574399191683,-0.19709408172831908
1.998625,0.13834461709423662,0.03855152006553148
1.99875,0.41044155092405993,0.32920383934093495
1.998875,-0.1499859160501953,0.24736667487017125
1.999,-0.27142842335529055,-0.37415056718037115
1.999125,-0.25751226717986414,-0.41418453689540957
1.99925,-0.29907166839897936,0.1140615999035597
1.999375,-0.1774192909784094,0.231418304314007
1.9995,0.21903827413473753,0.13853538795106748
1.999625,0.0016381047548665458,-0.06343373050256204
1.99975,-0.42980361620393787,-0.12217752380929943
1.999875,-0.36394392849595353,-0.24421924894536118
